-0.460772
-1.874501
-0.577110
-0.209926
1.799589
-1.830502
0.064194
1.042415
-0.311846
0.258011
-0.788756
1.139501
-0.521620
1.648473
2.547016
-0.215986
0.087718
-0.047310
-1.467373
-1.297185
1.583555
0.785716
-0.790900
-0.737821
-0.121729
0.348858
0.694441
0.874812
-1.667787
-2.697501
0.231123
0.044517
0.781805
-1.784873
-0.926960
0.603826
0.739518
-1.422754
0.080420
-0.010499
-0.893959
0.389320
-0.708881
0.175720
-0.620784
-0.063477
-0.144483
-0.297240
-0.478721
-0.128576
1.032702
-1.588026
0.509385
0.422434
0.608605
-0.257897
0.954045
-0.260210
1.361250
1.309474
-0.808108
-1.207071
0.831610
0.705599
-0.294309
-0.085716
-0.418265
0.971794
1.841275
-0.543847
-1.605559
0.487182
0.343330
0.313462
-1.899354
0.160531
-1.153774
0.441674
1.316348
-0.256870
-0.714331
0.987287
1.241212
0.884848
0.982616
0.568978
0.701621
-1.211882
1.032800
-1.407449
0.977017
-0.531970
-0.637396
1.258310
-2.085146
-1.656882
-1.145990
-0.477857
0.719312
0.638745
0.137255
0.469268
-1.329092
-0.188137
0.594316
0.041595
0.211968
1.057225
1.135946
0.097269
-0.291774
-0.098041
-0.525263
0.383961
-0.834637
-0.345938
-0.331542
1.546357
-0.512061
-0.319781
0.022353
0.478646
0.059644
2.213915
-0.824348
-0.385387
-0.657009
-0.292926
-2.393117
0.223460
-0.109947
-0.151507
0.082239
-0.705507
0.372183
0.553809
-0.115115
-0.434120
1.310817
-0.144169
0.025749
-1.413760
1.174165
0.176302
0.005798
1.189913
0.761003
0.564776
-0.543054
-0.427528
-0.343832
-0.904362
0.875395
-0.805186
2.006552
1.923641
-1.769503
-0.060877
0.020121
0.729771
-1.860537
-0.574235
-0.217478
1.535140
1.291063
1.903490
0.565488
0.105693
0.933724
-1.482627
2.389534
-0.447213
-1.760068
-0.551407
-0.278393
0.601118
1.018163
0.095390
0.297690
1.082049
0.272381
1.290898
1.572991
0.095716
0.675441
0.407712
-0.852451
-0.655863
0.714683
-0.602225
0.759316
-0.852664
-0.858994
-0.255862
0.350093
-0.730752
0.414827
1.148892
-0.527307
1.411879
0.978715
0.606976
1.009874
0.021805
-0.103246
-0.937564
1.380140
1.470439
-0.440272
0.292243
0.592239
0.854449
-0.489176
0.359978
-1.818711
-0.149536
-0.433789
-1.905042
-0.907948
0.977333
-0.311485
0.652301
-1.554660
0.448667
-0.001369
1.529018
-1.145953
-0.455942
0.881645
1.642845
-0.255334
1.022068
-0.029675
-0.497947
-0.096358
2.230156
0.735197
0.611724
-0.105684
-0.918630
1.688916
-1.205566
-1.310896
0.109572
-0.233455
0.129784
0.364813
1.224206
0.136368
-0.466477
1.495229
0.560739
1.190448
1.197796
-0.359376
-0.853546
1.593141
1.262969
1.177297
-0.797191
-0.380288
-0.853298
-2.172745
-0.469615
0.774446
0.884876
1.014987
0.713725
1.877889
1.719146
-2.168714
-0.060361
0.581303
-1.815002
0.619468
-1.400530
1.245564
0.343700
0.726122
1.203106
-0.208506
0.085194
-0.128484
1.207458
-0.584973
0.517775
0.452093
0.728173
0.075003
-0.587285
1.285055
1.270609
-0.573654
0.293320
-1.052069
-0.415922
0.564613
-0.716995
2.512361
0.972162
-1.545063
1.064584
0.221868
0.913353
0.319489
-0.311761
0.345379
-0.215399
0.738915
1.223438
-0.238781
-0.180209
1.410779
0.438513
0.614374
-0.366235
0.165617
-0.903642
-2.559828
-0.294843
-0.654896
-1.392164
-0.891308
-0.304162
0.265563
-0.819404
0.818373
1.309925
-0.559407
0.209609
1.332814
-0.828840
-1.714430
-0.182054
-0.928903
-0.806219
0.445004
-1.071532
0.855269
0.113568
-1.783206
-0.478415
0.151632
0.045205
-1.514620
0.603849
0.765614
-1.153430
0.653148
-0.411566
-0.380678
-1.666617
-1.160277
-0.502718
0.636065
0.410687
-0.474562
1.863838
1.708579
-2.097010
0.005721
1.043305
0.224494
1.123818
1.378506
0.441337
0.773904
0.377811
1.076455
-0.443980
-0.712331
-0.067742
0.510082
1.369473
-0.735567
-1.016574
1.035413
0.542843
0.230299
-0.882507
0.882436
-0.957475
0.563244
0.701676
-1.124412
1.693410
0.137390
0.629383
-0.200116
1.300464
0.343472
0.461826
-0.364992
-1.729395
-1.813738
0.962870
0.465165
0.215825
-0.252097
-1.118767
-0.889288
1.527542
1.537489
-0.850738
0.654191
0.481093
-0.208994
-0.417091
-0.596870
0.273061
-0.954249
0.125183
0.738210
0.439482
-1.334478
0.040851
-0.586927
-1.977983
0.351069
0.274947
1.368094
-2.343223
0.948238
1.200270
1.049916
-1.019048
-0.685448
-1.329635
-0.430722
-0.944718
-1.803341
0.419570
0.399157
1.836120
1.300943
0.578840
-0.905032
0.323965
-1.180815
-1.487409
-0.408700
-0.173786
0.035806
-0.813180
0.302750
1.005715
-0.039390
-0.464750
0.168910
0.037701
2.188445
-0.587581
0.836896
-0.559536
0.095443
0.354657
2.307430
-0.884628
-0.759821
0.380483
1.163820
-0.173359
0.486100
-0.703569
-0.629862
-0.204519
-1.105845
-1.786850
-2.244747
0.647100
-0.422235
-0.396476
-1.666099
-0.931108
0.316371
-0.982321
-0.360702
0.487893
1.243116
-0.944867
2.699321
-0.181005
0.251786
0.658399
-1.448715
0.636376
0.716785
1.550098
0.726945
-1.062200
1.830859
0.004411
-0.487193
-0.353766
-0.375912
1.106074
-2.200061
-0.545046
0.334357
-1.027350
-0.729584
-1.921972
-1.481323
-0.954845
-0.265439
1.005779
-0.000206
-0.214852
2.307978
-0.827896
-0.474284
-1.471186
0.167050
0.715332
-0.052339
-2.386722
0.641158
-0.358575
0.010432
0.795633
-0.899912
-2.016742
-0.062966
0.390373
0.354590
1.799613
-1.804898
0.093645
1.305909
0.223303
-0.269937
-1.521445
1.009778
-0.036961
-0.472999
0.102161
-0.296945
-0.172234
-1.075184
1.793183
0.026512
-0.273245
0.698197
-2.148637
-0.591298
0.049005
0.316130
-1.484064
0.826077
-1.021044
0.708100
-0.910140
-0.698704
0.921253
0.670663
-1.286432
1.058791
-0.711511
0.622950
-0.655341
1.514876
-0.506370
-0.197952
0.748437
1.016429
-1.200594
-1.390414
-0.103644
-2.269637
1.573074
0.120369
0.874363
1.421309
-0.666654
-0.794990
-2.413261
-1.134844
0.518782
-1.812551
1.448578
-0.697776
-1.178542
0.081952
-1.162032
1.564678
0.108055
0.801208
1.007653
1.777263
-0.898357
-0.133068
-2.023653
-1.245138
-0.136281
0.567601
-0.586308
-0.714084
1.382885
-0.352285
1.428236
-0.580119
-0.319237
0.583957
1.660268
-0.756121
0.787280
0.480079
-1.676511
-1.174804
-0.527895
0.557020
0.202563
-1.404686
-0.652662
0.917012
0.280948
-0.580663
-0.890532
0.237055
1.195799
1.749749
0.850457
-0.930318
0.969648
-0.204836
-2.453453
-0.599869
0.204904
-2.047196
1.227329
-1.004019
1.513988
-0.875612
0.609371
0.408227
-0.276640
-0.207373
2.273292
-0.948170
-1.113914
-0.666325
-0.464515
0.394045
-1.860187
-0.500423
0.166706
0.315045
0.373624
-0.640823
0.680071
-0.974975
-0.765704
1.028697
-1.326171
1.410934
0.504407
1.133396
2.340481
-1.287406
0.469546
-0.863821
-1.805751
-0.078003
-0.016449
0.646103
-2.561222
-0.351756
-1.140427
0.003319
1.100061
0.450737
-0.626568
0.063984
0.722868
1.085001
-0.584308
1.454212
-1.668383
1.578816
-0.746089
1.182325
-0.709096
0.003300
1.064752
0.323798
-1.605611
0.470652
0.251081
-0.088020
-0.264563
-0.879748
0.194300
0.699248
-0.377405
-0.536655
0.249740
1.491438
-0.829569
0.960856
-0.993798
-0.061111
-0.221839
-0.869478
-0.138190
1.549002
0.334827
-0.427638
-0.455603
1.525687
0.526461
0.763102
-0.367339
-1.067878
0.379763
0.261980
0.799369
-0.533585
0.489446
-0.107220
0.131151
-0.845561
-0.763422
0.114140
-0.611222
0.560622
1.002294
0.352738
-0.671083
0.717998
-0.457960
-1.501207
-0.024728
-0.410822
0.335838
0.600608
0.443257
-0.016015
1.400314
-1.452714
-0.970605
-0.421754
0.064868
-1.137946
-1.850145
-1.698201
2.034697
-0.071840
-2.134630
1.066331
2.480173
-0.677866
0.130843
-1.450574
-0.071472
-0.965048
0.707713
-1.572646
0.007290
-0.009855
-0.125169
-0.718983
-0.344131
-1.496503
-1.190545
-1.305270
0.057909
-0.595887
1.595680
-0.883164
0.329007
-1.420928
0.857320
-1.140326
0.057221
2.480483
-0.659428
0.220399
-0.732528
-1.255296
0.104426
-0.502072
1.893755
-1.588854
0.250134
-1.348734
-1.070446
-1.602375
-1.669845
0.819846
-0.423506
1.125105
-0.855642
-0.387825
-0.442376
0.968171
-1.743641
0.649361
-1.362822
0.996766
-0.628060
-1.975859
0.708623
-0.390693
-0.706563
-0.500076
0.500261
-0.318458
-1.975691
0.740576
-0.236082
0.009402
-0.347806
0.382432
0.305399
1.169906
0.502669
-0.691198
-0.722651
-0.814840
-1.119985
1.408609
-0.410484
0.702797
-0.027743
-1.267890
-0.790449
-0.343629
-0.639244
-0.586063
-0.462427
-0.198303
0.336547
-3.426318
-0.483012
1.193367
-0.069731
1.176418
-1.847085
-0.606435
-0.410921
0.238609
0.007709
0.435161
-0.042899
1.180864
1.566127
0.574946
0.966223
0.103059
0.672276
0.321119
-2.254039
-0.156479
0.043008
-0.978491
-0.443283
-0.008463
-2.013250
0.419899
0.767521
0.541818
-0.742428
-2.107149
-1.686573
-1.189583
-0.553413
0.481324
0.003266
1.005961
0.112703
0.480508
-0.828786
-1.564142
0.053820
0.249656
1.274564
-2.667009
1.509252
0.180063
-2.045452
2.019745
0.483544
-0.494554
0.494651
-0.396957
1.106392
-1.376074
0.568326
0.078601
0.678721
0.600379
0.234898
-1.975052
0.869743
0.330113
0.016730
-0.319323
0.487505
0.680572
-0.446790
-0.856063
-0.740513
0.286874
0.288274
-0.977966
-0.095606
-0.539442
0.282818
-2.117285
0.251022
-0.147263
-0.659523
0.140610
-1.705665
-0.642587
-0.977249
0.368721
-0.289077
0.051503
0.381347
-0.817324
-0.245999
0.137313
0.536180
-0.729484
-1.566338
-0.652076
-2.187086
0.747342
0.016025
-1.374596
1.647952
1.552694
-1.367679
-1.580531
0.177312
1.339493
-0.456091
0.693856
0.308064
1.412540
1.522769
-0.448572
0.089658
-0.599159
0.931484
-0.061054
-0.161871
-0.430974
-1.416467
-0.069124
-1.131017
0.057178
1.974313
-1.040357
-1.214518
-0.433915
2.084055
1.283222
0.173354
-0.491637
0.666337
0.475488
-0.331193
-1.446098
-1.205962
-2.129483
-1.444834
-0.535219
-1.237027
2.129529
1.458922
0.569513
1.596022
-0.746146
1.097646
-1.110406
-1.939471
1.713704
0.009521
-0.219964
1.576377
1.553268
-1.009922
-0.051212
-0.073079
0.022677
0.904845
-0.462007
0.191322
0.148310
-0.952553
2.352393
-0.225954
0.117369
0.218819
0.250701
-0.484087
-0.020383
-1.150680
-0.458646
0.892604
1.980897
0.077744
-0.250854
0.318890
-1.061032
-0.710254
-1.112110
0.385279
0.533745
-0.334266
1.190914
2.024209
1.424520
0.613548
-1.427096
1.214348
0.343837
0.911785
-0.832983
1.004700
-0.727063
0.910336
0.880009
-0.011738
0.457057
0.253725
0.036971
0.484017
-0.043285
0.589874
2.353610
-0.146080
0.626440
-0.172641
1.988706
2.008452
-1.428634
0.413227
-0.602460
0.512312
0.569761
-1.868007
0.655709
-0.891158
-0.197758
1.042151
-0.482071
-0.750471
0.064844
-1.186202
1.935289
0.774815
1.429815
0.034742
0.742491
-2.875831
-1.465132
-0.225268
0.919317
-0.739304
2.296352
1.111879
-0.527109
2.386640
-0.647206
0.327373
-0.142959
-2.883069
-1.969572
-1.130872
0.135983
-0.979813
2.493103
-0.025568
2.626590
0.166242
-0.161411
0.047955
-0.865768
-0.032418
-0.904715
0.562891
0.345318
-0.276103
0.329467
-0.655531
1.137772
1.480607
0.619282
-2.096666
0.044913
1.602893
-2.282113
0.146037
-0.681217
-0.092538
0.121138
-1.162709
0.841797
0.518651
2.256591
0.370262
1.972672
-1.615825
0.093257
0.660112
0.352392
-1.186241
1.820939
0.624304
0.560129
0.438176
0.266573
0.268044
-0.886619
0.448265
-0.383312
-1.696808
-1.204626
-0.579298
0.408310
-0.195883
0.267148
0.966253
0.122792
0.828429
0.983175
1.064651
0.262297
1.362132
-1.667173
-1.505158
1.840131
-0.816863
0.094771
-0.345998
-0.394495
0.834759
0.441500
0.999766
-2.284183
-0.011261
1.137041
0.751505
0.817999
0.824281
0.333002
0.323884
-1.356422
1.178686
-0.008386
-1.613010
1.039248
0.313603
-1.381269
1.240107
0.258935
0.205021
-1.496093
-0.947053
-0.189931
-3.047505
-0.892305
-1.247708
1.772921
0.900874
-0.704090
-1.294482
-0.198264
0.378427
-1.315563
0.632817
0.182005
0.855718
0.446780
0.841968
0.665112
-0.578416
1.802298
-0.664742
0.994755
0.717039
-2.060103
-0.681694
-0.500271
0.308144
1.669037
-1.156151
-0.949011
1.361455
1.539175
-0.229798
-2.287831
-0.289854
-0.788939
0.907240
1.914931
-0.069234
-1.378989
-0.664981
0.711597
-0.541430
1.330446
0.855635
0.382535
0.410146
-1.207319
0.668729
-0.083939
-1.518773
-0.883447
0.127242
0.274386
0.503886
0.476839
1.097191
-1.858706
-0.211802
-0.799962
0.067622
-0.655774
0.813413
-0.126809
0.171008
-0.349315
-1.496371
-1.105104
-0.835905
2.915641
-0.933206
-1.491191
0.953932
-0.337225
0.634431
-1.210896
-1.716408
-0.701076
-1.542340
-0.858219
0.300474
1.659491
-1.060755
-0.514441
0.050877
-0.273468
0.437860
-0.030667
1.291338
-2.044871
-2.425382
1.088628
-1.269848
1.062991
-0.779689
0.256583
0.382067
-0.047372
-1.688319
1.596278
-0.651999
-1.752827
1.441299
-0.868110
0.949596
-0.707602
2.001747
0.548123
-0.115072
-0.386031
-2.303751
1.389572
-0.226817
-0.834094
0.053113
-0.498776
-0.986952
-0.872163
0.503191
-0.169215
-0.353969
-0.597488
-0.262762
1.296010
1.032351
1.910645
-0.876813
-0.268450
0.389651
-0.346064
-0.464536
0.372901
2.157905
-1.298439
0.588326
-0.105511
-0.675333
-0.313352
-2.189179
0.507643
-1.787322
1.930956
0.016502
-0.580844
-1.155927
-0.777725
-0.859679
-0.823918
-0.062101
-2.479552
0.715455
0.045639
-0.695671
0.824113
0.205685
-0.429127
0.731596
0.261783
0.552025
0.943238
0.192451
-2.211154
1.243458
-0.715764
-0.295062
-0.954188
0.164828
1.097462
-1.327001
0.771272
1.028608
-1.469566
0.812268
-1.213409
0.123990
-0.570363
0.704397
-3.596793
-0.971955
2.395214
-0.099173
0.983268
1.175014
0.656801
0.117354
0.203767
0.160608
-1.012451
1.073940
0.675802
0.758353
1.287987
-0.193838
-0.180602
0.712935
0.579627
-0.112843
-0.647726
-0.110019
-0.226429
-0.366541
-0.129485
-0.052755
0.986594
0.577641
0.730115
-1.084088
1.463191
-0.475713
0.119445
-0.168455
0.436865
-1.187634
0.477332
-1.707223
-1.219947
-0.605579
0.337432
-0.403563
-0.336233
-1.169394
-0.218848
-0.281211
0.293435
-0.872464
0.274981
1.461589
-1.330435
-0.848569
-0.351064
-0.269853
-1.296619
-1.714909
-0.298284
1.319825
2.646339
0.903433
1.538113
-0.595104
-0.795699
0.828510
1.083760
2.783681
-0.715566
-0.134239
0.114101
-0.659332
0.301669
-0.202490
1.638347
1.399651
1.901127
0.139496
0.231202
0.123220
1.891206
1.183876
0.136542
-0.276799
-0.371338
0.286541
-0.044126
-0.311018
1.441015
-1.030047
0.207671
-1.121706
0.111238
-1.357996
0.315848
1.742309
-1.087305
-0.850051
1.550845
1.073701
0.511565
-0.132081
-0.193629
0.031078
-0.622224
2.285093
0.079922
-0.546934
1.813664
-0.986579
-0.566067
-0.655246
1.830757
-0.015171
-0.624712
-1.034514
0.022391
0.523210
0.299089
-0.230093
1.245814
0.471876
-1.666329
-1.026312
-0.041319
0.073897
0.937965
-0.879290
0.536992
0.051833
0.785058
-2.130176
-1.696747
-1.174718
-0.477713
0.903865
-1.594214
2.052585
-0.304527
-0.095471
-0.386217
1.556038
-0.012143
0.024590
0.260062
-1.911653
0.652745
-0.816809
0.134248
-0.104239
0.734420
-0.032857
-2.799189
0.341145
0.768389
1.890207
0.889579
-1.064019
0.108492
1.836223
1.348176
0.724560
-0.268906
-0.071185
-0.568337
-0.088436
-0.754874
-0.960294
2.165365
-0.271380
-0.014775
-0.179704
-1.152732
1.227654
-0.770750
-0.494030
1.173746
-0.040206
2.196050
0.151560
-0.028263
1.221015
1.517229
0.283415
-0.667281
-2.429381
0.757326
0.216157
0.083925
1.473660
0.759623
-0.550360
0.701058
1.495654
0.736778
-0.760581
-0.213625
-0.047119
-1.038452
0.167772
-1.600789
-0.746115
1.143678
-0.870030
-0.552482
-2.253313
-0.097164
0.406652
0.831962
1.088152
2.534491
-0.804048
-0.482716
2.380749
-1.187141
0.783814
0.364589
0.853484
-1.775111
2.835032
0.370031
1.213788
0.062512
-0.986734
-0.685666
-2.027369
1.345192
-0.606154
-0.159805
-0.956023
-1.343480
-2.259403
-0.626690
-0.038908
0.046880
0.682171
1.021318
-0.506935
-0.779851
0.131537
-0.369903
-0.988636
0.733367
-1.003631
-1.867706
0.724311
-0.479944
-2.860647
-0.940964
-2.033978
0.165675
-0.818199
-1.053434
-2.112946
0.803691
0.200808
-0.318438
-1.853223
0.905934
0.298934
-0.389929
0.074433
-1.692809
0.010017
0.295911
-0.982042
-0.177263
-1.227583
0.817919
0.744062
-0.025572
2.496644
0.136522
-0.297260
-0.500879
-0.248305
0.352636
-0.799956
0.072534
-0.619688
1.014570
0.413457
-0.359335
-0.798243
-1.771335
-0.470192
0.173931
0.111378
-1.062209
1.805239
-0.024924
-0.642628
-1.034293
0.155328
-2.130222
-1.717827
-1.235559
-0.632285
0.268237
-0.630720
-1.122326
-0.229131
-0.589954
2.094733
-0.268767
0.066054
0.287711
1.578036
-1.100043
-0.439887
0.699957
0.201510
0.403802
0.588212
-0.204816
-2.172694
-0.464137
0.814827
1.101771
-1.589242
0.135135
0.910770
1.462354
-0.843394
1.008886
-0.625148
-2.694067
0.328139
0.645443
0.791830
-1.665716
-0.788802
1.075977
-0.776450
0.203650
0.042302
1.145557
0.231540
0.479349
0.773497
0.059969
-1.176246
-2.763559
1.548827
0.278219
-0.822998
0.653977
0.290388
2.548488
-0.156087
0.455741
-1.202997
0.264019
0.240187
-1.117632
-0.161639
-0.183379
0.362509
-2.506905
-0.638539
0.034642
0.612601
0.691812
1.786732
2.010719
-0.841456
-0.253439
0.249897
2.557433
0.198683
0.052153
1.373048
0.851880
0.205509
-0.633063
-0.397386
0.533017
-1.224783
-0.428477
-2.298894
-1.566355
-0.658167
-2.788776
0.582057
-0.537517
-0.543714
-1.274715
1.863079
1.289480
0.493765
-1.972773
1.563719
-0.182253
-1.304094
0.608928
0.019439
-0.032003
-0.376255
0.625835
-0.746494
0.693442
-0.030128
-1.160089
-0.394035
1.918650
0.568349
0.098281
0.835681
1.531469
-0.157286
-0.877495
-0.827222
0.033458
-0.692408
1.015435
1.136357
0.323436
1.360827
0.978993
0.836822
-0.623944
-0.229681
-1.571264
0.432475
-0.045329
1.195838
1.848718
1.034081
-0.286132
0.462443
0.213337
-0.244483
-1.002468
-0.470406
-0.022940
-1.439747
-1.843753
0.051947
0.957521
-0.529018
-0.490428
-0.891557
-0.490406
-0.862675
-0.361437
-0.239346
-0.830467
0.179020
0.251056
-0.112650
-0.420688
1.443572
0.054312
0.843223
-1.239880
-0.148687
0.458396
-1.317099
-0.069468
2.257628
0.461331
-0.933650
1.649720
-1.146535
-0.839120
-1.463609
0.316210
-1.280155
2.131193
2.909336
-1.088862
1.015251
0.942403
-0.365887
0.521428
2.077562
0.239199
0.637313
-1.427573
0.904442
-0.798645
1.397261
0.260873
-0.386933
0.433500
1.097820
-0.943858
-0.640042
-2.245222
0.599354
-0.698387
1.428766
-0.360294
1.011189
0.961768
-0.265335
1.194734
0.662804
0.058268
-0.195337
0.934020
-1.047312
-0.097701
-0.154096
-0.042732
1.642403
-0.379321
0.163240
-0.767688
-0.696696
-0.085050
0.278880
-0.085797
-0.511336
0.344486
-1.477424
0.537213
0.250548
-0.663865
-1.135819
-0.028530
0.769398
-0.587996
0.400385
-0.173364
0.480578
-0.741804
-0.801037
-0.814120
-0.404040
-0.885287
-1.734621
0.142886
1.861671
0.839644
-1.411115
-0.584201
1.802516
-0.610535
1.604900
-0.710925
1.402254
-0.328937
1.642476
-0.358295
0.283873
-0.169894
-1.357948
0.336562
-2.501960
-0.385949
-1.728628
-1.251477
-0.659451
0.200335
-0.896724
1.245897
0.516288
-1.072527
0.187879
-0.945383
1.086493
0.300489
1.720908
-0.916742
-0.095951
-1.021020
0.727175
-0.783671
-0.251283
-0.113174
-1.158656
0.374952
0.732197
0.811330
0.979372
1.251990
0.999703
2.614166
-0.248778
-0.125539
-1.371393
-0.096320
-2.772141
1.093278
-1.027707
-1.051337
0.027376
0.663895
1.183953
0.176259
-0.038278
0.762922
-0.519204
0.893310
-0.953698
0.503728
0.322433
0.058459
0.001932
-0.540439
-0.646375
1.308832
-1.294350
-0.138561
0.800819
0.605291
-0.613115
-1.475333
2.434065
-0.455396
-2.232286
-1.000382
0.978167
0.224846
-2.309213
0.709010
-0.071931
2.037849
0.341692
2.345759
-0.712201
0.035157
1.568674
-1.995062
0.422560
0.757632
0.466557
-1.299907
-0.091656
1.333279
-0.576833
0.031741
0.097845
0.305374
1.122523
0.341667
2.068876
-0.917529
-0.673770
1.206377
-1.509327
-0.205050
1.411361
0.698955
-0.646894
0.619421
-1.514063
0.840107
-0.798112
-1.422610
0.134658
0.317920
0.726403
1.937907
1.601996
1.337245
1.625261
0.007266
-0.034346
-0.275235
1.912456
-0.496155
-1.227177
1.134561
-0.702515
0.256050
-0.157228
-0.793861
-0.398857
-1.050206
0.763057
-0.404378
-1.549732
-0.586631
-1.146313
-0.681555
-0.375845
1.232578
-0.968094
2.032845
-0.317387
-0.147224
-0.611406
0.384656
-0.084222
1.634408
-0.009888
-0.159844
-1.020077
2.628399
0.226263
0.192796
-1.025308
0.601525
2.164817
-0.327867
-0.344699
1.027496
0.850484
-0.900429
1.179337
0.331001
1.042678
-0.150410
2.005302
1.306134
0.325275
0.326540
-1.175940
-1.510119
-0.481872
-0.527197
1.752783
-1.469622
0.785220
-1.509939
-0.416652
-0.151357
0.236353
0.263227
-0.577579
-0.661243
2.323958
0.391338
-2.574648
-1.000098
1.319916
-2.270643
1.345724
-0.357377
1.805922
0.112468
0.223891
0.327448
-0.069004
-0.922879
0.901075
-0.537141
-0.185221
1.277620
0.146056
-0.656629
0.024971
0.704292
1.836945
1.825573
-1.314780
1.135217
-0.299459
-0.134995
-0.712522
-0.221491
-0.435802
-0.587905
0.487139
0.301950
0.073362
0.269783
1.151227
0.814873
1.167226
-1.088516
1.428342
-0.534203
-0.078860
-1.067912
0.358733
0.141922
0.193541
-0.119556
0.054947
-1.546579
0.435103
-0.096934
0.680674
-0.356256
-0.264721
-1.141830
-0.835661
-1.485518
0.247315
1.856587
-0.177879
1.085104
-0.515703
-1.492297
0.470315
-0.060347
0.598850
-1.476072
1.230219
0.564703
-0.618691
-0.908526
0.464766
-0.154004
0.050343
-0.943500
-0.371435
0.190578
-0.644960
-0.318739
1.368740
-1.208827
-0.124072
0.474589
-1.739634
-1.267719
-0.687114
0.133381
-1.249334
0.401852
2.181223
-2.512249
-0.964309
1.650392
-0.854676
0.313317
1.911149
-0.760000
0.236215
0.123177
1.675479
0.758933
-1.409719
-0.022558
-0.732954
1.903929
0.654291
0.577206
0.296096
-0.720571
1.097331
-1.531145
0.262658
-1.586224
1.307808
1.402292
-0.313427
2.168563
0.045644
-0.689424
0.866200
0.343127
0.112396
0.149005
-0.119167
0.469049
-2.269575
1.590223
0.150014
1.088766
-1.110327
-1.707737
-1.536088
2.031640
-0.488007
-1.508088
0.204592
1.253584
-1.084742
0.769881
-0.188604
0.089941
-0.278925
0.041610
0.227047
1.226669
-1.876054
-0.945773
0.704421
-2.409501
-0.797691
-0.831387
-0.510311
-2.727957
-0.593894
0.326964
-0.569524
-1.632140
0.670453
-1.872208
-0.139540
-0.276823
-0.397780
0.136118
-0.777305
-0.460943
1.849484
1.318261
0.605113
-0.809489
0.542178
-0.368286
0.773342
-0.057632
0.986664
0.630731
1.140968
0.289964
0.946536
-0.149889
-0.881208
-0.947420
-0.443473
-0.185964
0.251830
0.714386
-0.917668
-0.796146
0.420657
-1.532690
-0.232625
1.189166
0.320601
0.879051
-0.742226
-1.403610
-0.197870
0.864106
-1.697857
-2.246888
0.441695
1.364591
-0.136937
-0.128985
0.474637
-1.566746
-0.812834
0.585410
-0.117821
-0.741527
-0.530669
0.594750
0.427103
-0.060002
1.110140
1.372349
0.498981
1.357250
-0.660260
-0.486568
0.224106
0.566769
2.284054
0.001469
-1.257561
-1.172442
0.787072
0.309985
0.443088
-0.173713
0.109514
-0.294448
-0.224797
-2.361532
-0.367564
-1.584276
-1.118338
-0.579757
-0.000068
-0.071075
-0.439951
0.626463
-0.152763
-1.985780
-0.882111
1.411814
0.939787
0.438107
0.201003
-0.117153
0.003476
1.468511
-1.543849
-2.442841
-0.020970
1.195398
1.172956
-0.463540
-2.262109
-0.918579
1.853409
-0.855235
-0.088935
-2.026661
1.625190
-0.012315
-0.152376
-0.914268
-1.137425
-1.063286
0.563900
2.252225
0.008835
-1.123044
-0.666271
-0.415802
0.702852
0.016325
-0.812940
0.494430
-0.626987
-0.293151
1.406767
-1.551339
-1.400224
1.559496
1.380798
-1.838031
1.662091
-0.220042
1.348093
0.680524
-0.490660
-1.270115
0.867231
1.435044
-0.577240
-0.327019
0.507039
0.913520
0.440978
0.377785
1.033591
-0.613398
1.945491
-0.207998
0.636094
0.437560
-0.315356
-0.729634
-2.268572
1.967483
0.666409
0.542616
0.027280
0.545834
0.376907
0.035940
-0.634250
1.623598
-0.465219
-0.266350
-0.044216
-0.410635
0.530311
-1.042629
0.180243
-1.323284
-0.220722
0.354998
-1.171520
1.951069
0.706877
0.811569
1.321701
-0.475183
0.647879
0.239592
1.252923
-2.154487
-1.750854
-1.284302
-0.715313
0.067063
-1.932129
-0.204172
-0.601950
1.127704
0.706680
0.608997
0.078300
0.326197
2.215691
-0.620042
0.598483
1.595254
-1.082298
-0.423805
0.699792
0.067828
-0.411712
-0.533497
0.580176
0.371363
-0.261061
0.192135
1.206704
-1.125096
0.862751
0.419753
0.593911
-0.311465
0.676818
-1.242816
1.197718
-0.401618
-1.266214
0.055305
-0.813420
0.121869
-0.200910
0.211636
0.587211
-1.447241
1.639390
-1.869458
0.358754
0.161765
0.315090
0.421467
-0.341129
-0.748728
-1.517562
-0.397950
-0.025968
0.958611
0.202368
-2.922064
0.797395
0.550149
-0.965590
0.308841
-0.756217
0.690402
0.021309
-0.658316
1.681973
-0.185031
1.972037
-2.147726
-0.483399
0.650993
0.323864
-1.407462
0.969127
-0.566202
-0.809562
0.480573
-0.748291
-0.842309
-1.015419
-1.117811
-0.262030
-0.868975
0.216783
0.786439
-0.171265
0.082412
-0.493511
-1.492821
0.280371
-1.613238
0.935242
-0.073352
-0.259617
-1.043717
-0.486692
0.109663
-0.138595
0.754269
0.372680
1.283353
0.233464
-0.119902
-0.302600
-0.785442
1.116257
-0.634794
0.724037
-0.740922
-0.035663
1.039708
0.621423
0.645632
1.030071
-0.192655
1.306055
0.289246
0.115317
0.675224
0.221755
0.753328
-0.369898
-0.980656
0.772465
-0.804293
-0.699529
0.143369
-0.975953
1.928619
-0.364088
-0.282489
-1.215319
-0.933302
-1.722444
0.459990
0.471726
2.458325
0.929713
-2.544942
0.302295
0.424270
-0.211040
0.043481
-0.363822
-0.023798
0.589669
1.406497
-2.068591
0.971264
0.962110
-0.041605
-0.222015
-1.166451
-2.006338
-1.763045
-1.852904
0.998749
0.701211
2.087546
-1.531623
0.107820
0.502734
-0.618118
-0.316361
0.998371
0.424276
-0.206026
0.072883
-0.225567
0.528528
0.034737
0.736031
2.337462
-2.081923
-0.842746
-1.887391
-0.303106
-2.093065
0.474289
1.485835
-0.137327
-0.553280
0.618587
0.782046
-1.228529
0.281962
0.467875
0.203265
-0.352224
1.615455
-0.197368
-2.407677
-0.662887
-0.127190
-0.218730
-0.160478
1.266107
-0.104469
0.452516
1.429510
-0.077984
0.003133
0.799099
-0.784315
-0.817698
-0.544291
1.267687
0.668561
-0.222980
0.630247
0.554339
0.358448
-0.133319
1.403072
-0.009245
0.526351
0.637448
-1.166140
-1.359211
-0.185532
0.751550
0.867064
1.161751
-3.714012
-1.254834
0.325779
0.930798
-0.543026
-0.400768
-0.191308
-0.133453
1.102272
-0.963251
-0.762500
0.944703
1.755543
-0.484781
-0.708752
0.281539
0.034284
0.209526
1.152230
-2.649360
-1.054193
0.990588
0.586347
0.759214
-0.971894
-2.439832
0.136219
-0.644377
0.172772
-1.430813
-0.414233
-0.388588
-1.762300
-1.301245
-0.744093
0.001088
1.622332
-0.908960
0.154633
0.626207
-0.376851
0.017927
1.108866
0.339133
-3.017185
-0.491334
1.067827
-0.411634
-0.450302
1.255181
-0.158833
0.158862
-0.129134
0.310045
0.509129
0.180451
-0.926246
1.386365
1.332779
-0.849811
-2.406985
-0.614669
0.108170
0.976339
-1.151125
-0.741678
-0.672066
-0.144444
-0.256435
-0.227645
1.131298
0.094829
-0.284077
-0.031812
-0.172079
-0.827822
-0.414629
-0.842336
-1.048903
-1.373122
-0.895066
-0.390218
-0.201398
-0.283922
0.120335
0.825000
0.995233
1.189709
0.629523
-0.081200
-0.896696
1.289787
0.656213
-0.377082
-0.204011
-0.417137
-0.650603
0.005340
0.509347
0.385130
0.375634
-1.902497
-0.378556
1.066229
1.880039
-1.237367
1.396855
0.101159
1.938438
2.027742
-1.232517
1.016333
-1.331954
1.567023
0.935272
-0.053715
-0.139617
-0.359478
-1.004930
0.552064
0.998348
0.408206
-0.297100
-0.329381
0.763006
-0.447409
1.835501
1.063934
-0.157963
1.377814
0.153125
-1.158441
0.499328
-1.775018
-2.540463
0.499496
-1.289150
-0.333118
-0.445585
0.364854
1.312004
0.380128
0.650975
0.308380
-1.701342
0.454489
0.390889
0.972462
-1.091210
-0.483662
0.375696
-1.625297
-0.017059
-0.024332
0.007557
0.267841
-1.241192
-0.870400
-0.891272
-0.278552
0.421744
-0.074692
1.031895
1.090534
0.082723
-0.155705
0.956530
-1.732238
0.753055
-0.608438
0.408544
0.025883
-1.109582
-0.811722
-1.663787
-0.219709
-1.702644
0.125505
1.288174
-0.109486
0.325356
0.410661
-0.502241
1.341702
0.501888
1.781545
0.112511
0.269427
0.625002
1.621388
-1.420023
1.551482
1.529326
-0.973652
0.147562
1.111302
-0.947803
-0.743039
0.944501
1.325687
2.737143
0.892369
1.350470
-1.063522
0.408939
0.409912
-1.951390
-0.771472
-1.334187
0.164107
0.180864
-0.402116
1.370499
-0.264687
-1.078148
-0.571287
-0.155101
-1.436479
0.021595
-0.324539
0.406112
0.236446
0.361202
0.011576
-0.652117
-3.206526
0.496837
-1.094348
0.271137
-0.227331
2.686587
-0.556031
0.726477
2.766397
-1.364664
0.107301
-0.047482
-3.213123
0.452840
-1.717013
-0.897354
0.586023
0.424485
-0.008520
2.980774
0.055153
-1.057033
-0.942067
0.615768
0.950190
-0.267811
1.307572
1.167188
-1.124772
1.157375
-1.370377
0.315894
1.993422
-0.692943
0.446885
0.991628
2.093492
-0.419993
-0.892390
-1.388092
0.919141
-0.904737
0.545701
0.253014
-0.729684
2.651602
1.182749
-0.452675
-2.104168
-0.918776
1.373527
1.171586
-1.759709
-0.462001
0.196321
0.178088
-0.761278
-0.835199
-0.834528
-0.263633
0.144893
0.783944
0.471849
-1.773980
-1.318569
-0.773504
-0.064878
1.119367
1.592733
1.034963
0.249774
1.605316
-0.566224
-0.837155
0.352127
-2.146720
-0.370354
2.291906
0.629657
0.031536
-0.113193
-1.198002
0.251313
0.142833
1.617698
0.440578
-0.003753
1.721749
-0.649308
1.484510
-0.627506
-0.805530
1.153932
-0.351323
-0.542588
-0.002794
-0.381810
0.296875
0.102924
0.508367
-0.531204
0.085385
0.067866
-0.369304
-0.277340
-1.073573
-0.429232
0.608519
-0.334857
0.395560
0.266930
0.664354
-1.844381
-0.065657
0.123369
-1.861050
-0.688235
-0.874875
1.511691
1.231362
1.501753
0.207578
-1.317976
-0.463343
-1.376715
0.287657
1.413007
-2.480276
0.671694
-0.160536
1.144267
-0.474364
-1.736452
-0.277772
1.897529
-0.487813
-1.097034
-2.679081
0.824651
0.637900
-0.604527
2.355519
-0.023054
-1.911535
0.677270
-0.661928
0.721098
-0.516075
1.511631
1.190457
1.207924
-0.328165
-0.676012
-1.013146
0.490196
0.610916
-0.901693
0.090367
0.161610
0.153531
-0.559139
0.459422
-0.070080
0.634619
-0.931883
-0.205026
1.481222
0.901909
0.056720
0.798447
-2.006231
-1.697292
-1.497382
3.242842
-0.274262
-0.368731
0.278855
-0.110422
-0.687678
-0.328770
-2.187765
0.665333
-0.374516
-0.256949
-0.819893
0.386186
-1.663577
-0.164736
-0.940546
-1.123179
-0.761406
-0.983873
1.841900
-0.411608
-0.423281
1.684732
0.526015
0.301634
-0.237679
1.113016
0.124505
-0.015781
-2.164320
0.380154
0.681658
0.467133
-0.499968
0.615120
0.277901
-1.406420
2.429929
-0.718605
-0.038264
0.782800
-0.420563
1.920007
0.853587
-1.496078
-0.939385
-0.160091
-1.608131
-0.260250
1.268029
0.881060
0.796441
-0.188779
-0.086621
1.845587
0.295472
2.351861
-0.261343
-0.088455
-0.781279
-1.167652
0.750712
0.121643
-0.444534
-1.847506
-0.703918
-1.025211
0.673806
-1.147458
-2.592523
1.270952
-0.396626
2.369209
0.976215
-1.319608
-1.736280
-0.237183
-1.514560
0.627611
0.934731
-0.424260
0.221085
0.015205
0.667096
1.488899
1.082797
0.764954
1.423202
0.086305
1.300319
0.276496
0.063754
0.442729
-0.530609
0.660588
0.822313
-1.583790
-0.883192
0.308345
-1.870117
0.235547
-0.574399
-0.366153
0.245812
-0.329194
1.035642
0.710420
1.404186
0.430438
0.587956
-0.437928
-0.032996
1.605385
-0.543298
-0.680029
1.031886
1.081671
0.053299
-0.291370
0.303791
-0.673650
1.442042
-0.522952
-0.064209
-1.068140
0.220419
-0.707055
-1.029339
0.683114
-1.027748
-1.095036
-0.119652
-0.043032
0.939571
0.285923
-0.707774
1.422163
-0.305769
1.979302
-0.153193
1.033069
-1.061099
-0.761809
-1.760789
-0.745660
-2.180091
-1.785908
-1.336298
-0.803599
-0.131180
0.804121
0.544391
-1.090551
-0.092562
0.096483
-1.523837
0.090559
0.365181
-1.872842
-0.254643
-1.170760
-1.120997
0.521521
-2.186512
0.820871
0.346029
0.426558
-0.605538
0.374054
-0.188103
0.635884
0.249794
1.681030
-0.432759
-0.221114
-0.044603
-0.908259
0.679173
1.140308
-0.067039
2.122799
0.357260
2.343744
-0.895616
-0.851536
0.040961
-0.457344
-0.541591
1.042777
-0.091143
-1.183423
0.094273
-0.991198
-1.146027
-0.500006
0.574066
0.068732
0.553982
0.036994
0.511827
0.103639
2.209451
-1.683726
-0.254998
2.050704
-0.564226
1.273530
0.899288
0.869296
0.010355
0.691915
2.676670
-0.925571
-1.296930
2.269512
-1.607853
-0.179801
-1.370181
0.399680
-0.975499
-1.349293
-1.643767
0.007462
0.167321
1.138732
-1.097209
1.806118
0.152038
0.474616
-1.637597
-0.989666
0.024604
0.275324
-1.528802
1.290326
0.995414
1.460977
-2.541065
0.471855
-1.750788
-1.251383
-0.605424
0.481760
0.411952
0.818086
0.917653
0.782722
-0.485901
0.960894
-0.954309
0.085749
0.456102
-0.681405
-0.246930
-0.898213
-0.034675
-0.654653
-0.985062
0.432643
0.111661
-0.644112
0.403490
0.264321
0.566365
1.026888
0.400048
-0.513322
1.418269
0.834135
-0.023703
0.711159
-1.015652
-1.439585
-1.588313
0.416397
-0.089399
0.959498
0.875984
-0.318614
1.791920
-0.235414
0.739141
1.750036
0.946109
-0.443220
0.050319
-0.982570
-0.534645
-0.490379
-0.827552
-0.208169
0.437244
-0.647507
0.071501
1.013138
-0.495744
-0.646799
0.717775
-0.665339
0.369253
0.226674
0.646504
-1.087469
-0.992834
0.572132
1.060704
0.481072
-0.229097
-0.549492
-1.522069
0.716989
-2.648722
-1.020528
1.205704
1.494543
0.306556
-0.435466
-0.243779
-0.155295
2.761175
-1.760406
-0.639437
-0.791889
1.510074
0.465384
0.428188
1.182604
-0.535970
1.001282
-0.285953
0.670381
-2.452003
-0.513780
0.697562
0.885641
-1.585149
-1.883210
0.441268
0.690359
-0.012963
-0.942626
0.212203
1.633845
-0.162515
-1.457275
0.043710
-0.120705
-1.609387
-0.654985
-1.620588
-2.315302
0.223416
-0.154463
-0.428351
-1.574014
-0.411113
0.054966
-1.484654
0.568731
0.446230
0.243690
0.066489
0.811922
-2.303006
1.548256
0.098243
0.781162
1.007868
-2.168062
0.003338
1.136795
0.585478
-0.058774
-0.331562
1.484452
-0.651626
-0.981113
0.424542
0.045357
-1.137617
-1.266513
-0.081947
1.171738
-1.471596
0.024151
-0.195031
1.628781
1.210030
0.794137
0.635128
-0.395441
-0.151531
0.057680
-0.909626
-0.301479
0.397914
-0.008305
-1.361527
-1.643601
0.051560
0.445559
-0.391230
-1.798095
-1.354457
-0.834440
-0.198108
0.553854
-0.075725
-0.186640
-0.446965
-1.120343
1.003235
1.131806
0.378299
-1.693430
-0.142341
-0.665698
0.066719
1.203895
0.186144
-0.067799
0.444012
0.750871
0.246443
0.309167
-0.379445
0.044899
1.551801
1.978625
-0.253399
0.290627
-1.349590
-3.041604
-0.807657
-0.683894
0.240733
-0.386747
0.637941
-0.563726
-1.454860
1.081602
0.014094
-0.549113
-0.851378
0.154285
0.236112
0.019973
0.543059
0.432916
0.375219
1.126052
-0.248448
0.204533
1.133433
2.910653
-1.053968
1.237141
-1.772714
-0.836367
1.103212
-0.312162
-0.053638
-0.060781
0.118388
-2.873452
-1.358730
0.011543
-0.695287
1.395435
-0.464499
0.410021
-1.501384
-0.083609
-0.842855
2.918669
-0.866883
-0.939884
-0.509576
-0.619642
1.082694
0.688150
0.778043
1.287691
-0.331097
-1.219615
-0.420437
-2.063425
-1.372189
-0.427863
-0.706176
-0.171517
-0.173325
0.525186
-0.459135
0.341449
1.261854
0.452670
2.061261
0.874756
-1.851974
1.338567
-0.957029
0.950408
-0.122691
-0.690657
-0.229195
-0.667825
0.951393
0.546217
0.779443
-0.455688
1.311224
0.032700
1.497221
2.034848
-0.052205
-1.527496
-1.491133
0.985388
-0.214955
1.629430
1.721223
-0.809721
0.351944
1.602203
1.498043
-1.348770
-1.096964
-2.067456
1.222175
-0.991855
1.767152
-0.460086
-0.573135
0.826326
-0.751543
-0.859928
-1.105774
-1.619717
-1.246635
-0.979689
-1.960351
0.460421
0.995477
1.586258
-1.285044
-1.259673
0.608720
-0.157596
-1.516731
-0.118051
-1.102711
0.625724
-0.876315
0.082838
-0.037462
-1.214638
-0.499664
0.996774
-0.622085
-1.801474
0.891087
0.147967
-1.862266
-1.005121
0.419314
0.148856
-0.274361
-0.476185
-0.317492
-0.252368
-1.979641
0.103754
-1.833085
-0.445522
0.428629
-1.684910
-0.577517
-0.595378
-1.180009
-0.728629
-0.447684
1.102623
-0.686684
0.501823
1.547164
-0.242435
1.926170
-0.837807
-0.126020
1.222831
-0.559004
0.595007
0.685745
-2.641617
-0.699975
-0.216554
-0.501660
-1.176513
1.626247
0.280570
-1.118275
-0.539525
0.206948
0.998946
0.868480
-0.597528
-0.298504
0.916523
-0.051155
-0.014237
0.384615
-0.123648
1.058088
-1.448646
0.666761
0.922952
-0.829603
0.922571
-1.273380
-0.800536
-0.367099
-0.722675
-0.842554
-1.376111
0.551084
-0.009507
0.235070
-1.324421
-0.776793
-0.057494
1.253248
-1.430374
-0.243031
0.630457
0.775273
-1.533170
-0.392593
0.047458
2.310176
-0.623101
0.504098
0.705403
-0.463327
-1.339658
0.381013
-1.408738
0.357606
-1.157047
2.126221
0.794583
1.129476
-1.061931
-1.894732
1.161760
-2.869033
-1.192607
0.469113
-1.810554
-1.373073
-0.866096
-0.265974
0.334564
-0.730583
0.564484
-0.872051
0.594619
0.306235
-0.819886
0.391483
-1.556182
-0.031927
-0.293146
1.420102
-1.459990
-1.109839
-1.029526
0.546501
1.185690
1.423623
0.245581
-0.586131
-0.529106
-0.581207
2.969599
-0.082100
0.902541
0.509821
0.917223
0.432848
0.307543
0.574608
0.569204
0.982089
0.207246
1.757936
0.058445
-0.012754
-0.645785
-1.278562
-0.608248
0.592513
1.268381
1.153039
-0.936614
-0.966330
-0.172370
-1.364094
0.344390
-1.844277
-0.046031
0.242976
-0.697868
-1.341408
-0.366848
-0.437154
0.754352
0.442070
-1.618158
-0.586427
-0.854511
0.439919
-0.662762
-0.023951
0.411290
0.111834
-0.439023
-1.409628
0.011714
-0.484501
-0.409256
-0.767637
-0.647413
0.150435
-1.848665
-1.017448
0.348004
-0.182894
0.984456
-0.916451
0.100300
0.313076
1.164922
0.412660
-1.556760
-0.209931
1.775342
-2.016779
-0.067876
0.358810
0.216705
0.683398
-0.692894
0.490757
1.500411
-0.242302
-1.946538
0.044741
1.150263
0.223964
0.406257
0.380725
1.878252
2.111968
-0.963487
-0.985870
-0.090640
-0.456054
0.738317
0.533525
-0.551340
-0.217654
1.112696
-0.052186
-1.467247
-1.200761
-1.655601
-0.645744
-1.204261
-0.375316
-1.323502
-0.317452
-0.212037
-1.186251
1.795765
0.588912
0.411061
-0.104129
0.891806
0.695708
-0.783378
-0.028034
2.119537
-0.003295
-1.056130
-0.292951
2.982402
0.074792
-0.869694
-0.294029
0.189921
2.571247
0.807777
0.800443
0.294478
0.255102
-1.544227
1.754362
-0.806404
0.297570
0.890240
-0.451007
0.343984
1.154789
0.107037
-0.322746
-0.370923
0.743879
-0.168494
0.394025
-1.984512
-0.639015
-0.370902
0.770061
-0.050252
1.100929
1.117007
-0.183108
0.678528
0.421070
-0.780571
-0.425689
-1.617945
-0.517742
-0.419680
-0.513698
0.794977
2.262973
1.029128
-0.854959
0.107325
-0.022978
-1.560691
1.544700
-1.290425
-1.070827
1.831089
0.048504
-0.205260
0.980788
-0.664289
2.289207
0.399328
-1.860429
-0.551206
-0.098411
-1.041896
0.661630
-1.092113
-1.224308
-0.186056
0.156619
0.099207
-0.928932
-0.833735
0.318342
1.482269
1.744998
-0.306626
0.361014
-0.170548
0.926114
-1.668998
1.175539
1.045848
-0.869338
-0.039748
-0.938433
0.486967
0.140880
-1.020400
1.387716
-1.173994
-0.087253
0.549865
-1.497206
-1.997409
0.081626
2.305859
-1.066559
1.682052
-0.165109
-2.002918
-0.748424
-1.000090
1.331745
-1.989742
1.793923
0.179408
0.693150
-0.268683
0.149894
0.888478
0.994598
0.595098
0.788971
-0.870757
-1.363124
0.811789
1.903344
0.536887
-0.041242
0.152854
-2.207208
-1.823301
-1.392176
-0.898643
-0.335120
0.130651
2.585570
-2.878227
-1.591290
-0.476121
-0.256104
0.102833
0.404736
-1.443206
0.078027
0.040946
-0.473770
-0.647012
0.504293
0.955381
0.655116
2.346133
-0.680879
0.183001
-0.821850
-1.415477
0.308320
-2.034583
0.086587
-2.079758
-0.519691
0.357612
-1.147505
2.574516
0.992027
-1.393779
1.519288
1.165828
1.029087
-0.890930
-0.039619
-0.748924
-2.663015
2.083050
1.050481
-0.560946
-1.701281
0.470892
0.488168
2.455687
0.741483
0.491475
-0.864071
1.812206
-1.681776
0.235193
-1.072799
0.029933
0.829583
-0.945376
1.095403
0.331411
-2.322397
-0.277057
-0.664247
-2.786683
0.635292
-0.250494
0.732866
-3.072238
-1.328398
0.107172
-0.180796
0.477895
-0.675435
-0.402380
0.895595
0.830535
-0.129389
0.045224
-1.455466
0.752140
2.299834
1.863187
1.335983
0.631812
-0.720819
0.790311
0.236073
-0.019196
0.285938
-0.688957
1.724766
0.095371
0.277226
0.890496
-0.262371
-1.578783
0.759138
-1.071260
1.110167
1.411154
0.601778
-1.468876
1.214618
0.488562
-1.098712
0.325053
0.105151
0.261867
0.652200
-1.931264
-0.065528
0.258347
-0.389558
0.441632
1.228092
-0.510834
0.896882
-1.038477
0.152869
-2.063746
-1.480807
-0.704967
0.906396
0.652419
-1.286137
1.328976
0.138431
-0.999900
1.701139
-0.509679
-0.737224
0.351440
0.678859
0.742043
1.093661
-0.711733
0.420045
0.968148
-1.815325
0.543797
1.462410
-0.815661
1.228987
-0.057608
1.027464
0.822588
-1.094070
0.438660
0.790619
0.482813
-1.707408
-1.318877
-0.967399
-1.006009
-0.142361
-0.690438
-0.050715
0.451992
0.611279
-0.504000
-0.596047
1.225787
1.080049
-1.031772
-0.965506
0.366025
-0.374680
-0.423611
0.956220
1.766811
-0.543697
-1.242184
-2.656451
-1.557531
-0.459772
-0.256238
-0.029599
-0.410775
0.382988
0.960803
-1.051836
-0.269992
-1.722043
0.566527
1.308247
2.647767
0.972093
-1.711012
0.676836
-1.211523
1.403111
0.005440
0.630801
1.262289
0.690256
-0.096392
1.933799
0.486428
-0.357336
2.057796
0.354713
-2.290127
-0.475012
0.856767
1.886881
0.211758
0.740450
-0.338435
-0.615363
-0.500808
-0.183010
0.808148
1.270555
-0.602868
0.142674
1.187470
-0.573248
0.695007
2.381643
-1.084156
1.357058
-0.761527
-1.148688
0.656166
-0.419622
-0.452951
1.377863
0.173005
-0.952892
1.296198
1.186918
-0.948343
-1.355798
2.110592
-1.243271
0.835301
0.944015
0.772542
-0.725269
-0.297560
-0.875725
0.517206
-0.072988
0.116028
-1.748315
-0.453842
0.218814
0.245640
-0.517458
-0.153033
1.365125
0.079123
1.811688
-2.562238
-0.393875
-1.836352
-1.411801
-0.932171
-0.405935
-0.067589
0.699052
-0.552744
1.405777
1.338614
-0.926401
1.155358
0.418061
-1.346114
0.189061
0.380051
0.562347
-0.137419
-0.665751
0.022587
0.772097
-1.288009
0.183851
0.121162
-1.115704
1.074860
1.775596
-1.712584
0.258026
-0.768787
1.328409
-0.102243
0.210757
-0.334063
1.768612
-0.130578
-1.822119
-0.938248
0.630661
1.034440
-0.066522
-0.860732
1.323892
0.499176
2.123663
0.458720
-0.794386
-0.884685
-0.813400
0.136701
-0.111656
0.650171
-0.371768
-0.129442
-0.008653
1.587066
-0.865128
0.431887
-0.635380
0.175197
-1.592241
-0.816168
0.647850
0.214417
0.978808
0.679516
2.159033
-1.070717
2.404397
0.444904
-1.255086
0.203714
0.106188
-1.934358
-0.588656
-0.179840
-1.478464
0.154652
0.650307
-0.253138
0.577477
0.554791
0.837277
-0.259498
-0.858302
0.239380
0.880065
0.027433
0.739342
-2.003344
-0.828928
-2.102031
-0.597213
-0.024423
-0.085606
-0.297780
-1.257234
-0.910488
-1.043948
-0.648452
-0.788442
1.835604
1.099211
-0.039863
-1.140876
-0.239130
-0.555115
-1.356170
1.417903
0.652609
-0.986586
-0.571844
-0.692195
1.363584
-0.574060
-0.063821
-0.519976
0.095141
0.038345
-0.673843
1.092270
1.438494
0.789625
-0.284654
-0.642870
-1.474695
-1.400798
1.046675
-0.283644
0.405738
-0.118883
0.827970
0.535688
-1.568363
-2.192813
0.148450
-0.747867
-0.436707
1.565719
0.435313
0.099317
-0.766936
-0.069832
0.990846
0.792216
-0.980153
1.325549
1.933583
0.448070
-0.588127
0.280644
-0.989822
-0.073409
-0.321069
-2.433880
0.466322
-2.302735
1.616937
0.217307
2.504041
0.488686
-0.911415
1.267730
0.693351
-0.103802
1.616655
0.137563
0.863390
1.007010
0.854173
-0.725942
-0.948973
1.426316
2.722865
0.447498
-1.502315
-0.403319
-0.099576
0.447033
1.249157
-0.494208
0.896689
-1.301155
-0.693186
0.238274
-0.331719
1.128318
1.244993
0.067292
-1.171482
2.103862
0.867510
-2.785064
0.677974
-0.042273
-1.090482
-0.053256
0.337802
-0.034752
-0.755504
1.952096
0.926562
-0.965689
0.242548
-1.460449
-1.484294
0.720031
1.823276
1.379348
0.855387
0.197977
-0.716302
-0.794517
-1.040941
1.930833
-0.003081
-0.726764
1.357984
-0.321014
-1.895739
0.873178
0.230500
-0.615409
-0.545890
-0.430197
-0.336005
-0.808692
1.566518
0.720502
-1.201972
0.870407
0.898607
0.309262
-0.280893
0.645915
1.576775
2.220555
-0.155913
0.662845
0.092667
0.011423
-0.861731
0.318523
-3.001276
-0.299884
-0.583401
-0.704630
1.442651
-0.282768
-2.813645
0.045257
-1.362725
1.063597
-0.361330
-0.134475
-0.126535
0.466381
-1.849722
-1.431985
-0.966780
-0.478871
-0.268782
0.051331
0.196852
0.786674
0.005974
1.700164
-0.802859
0.431462
-1.260265
0.302590
0.772129
-1.233632
0.336061
0.886115
-0.886101
0.900752
-0.815634
1.271928
0.059821
-1.563168
0.355471
-0.515708
-1.507418
0.437686
-0.193624
0.035978
-0.586876
-1.732580
0.652372
-1.381766
0.893175
-1.112927
-0.075242
0.314703
0.031555
-0.093482
-0.984494
0.879671
-0.249626
-1.210776
-1.502019
-0.298824
0.509565
0.607776
-1.195300
-1.080281
0.827323
0.040006
1.489536
1.614311
-0.540477
-0.689376
0.924917
0.607339
1.840677
-0.680228
0.786576
-0.067536
0.769862
-0.203606
0.001779
-0.733236
1.192091
-0.787189
-0.404227
-1.187954
0.302275
0.402868
-0.333174
-0.506114
0.033654
-0.454547
-0.449921
-1.795717
-0.577262
-0.347811
0.377154
0.274723
0.939073
-0.046379
-0.117436
-0.289799
-0.717144
1.616637
0.132615
0.821401
0.807114
0.233440
-0.144633
-0.460985
1.665984
0.886541
-0.508873
0.050835
-0.319640
0.160255
-2.236926
-2.903467
1.265606
-0.341398
-1.159630
-0.144078
0.119123
-0.519012
1.188943
0.203709
0.101260
-2.175180
-0.754715
-0.780760
-0.587831
0.560420
0.743178
-0.787163
-0.382998
-0.976516
0.954445
0.002518
0.088259
0.531011
-0.259835
-1.537536
0.829751
-0.767971
-1.008011
1.641795
-0.560566
-0.924139
-0.051685
-0.591800
-0.392402
0.230887
-0.191872
-0.773407
0.008625
-1.700712
0.631158
-2.143906
-0.072658
0.471336
1.036501
1.839404
-1.027447
-0.808878
1.208251
-0.161121
0.349224
1.267174
0.396201
1.029152
-0.833898
0.196516
0.382623
0.502859
-0.486412
0.373085
-1.598230
0.049001
0.310973
-1.579066
0.651946
1.576626
1.869074
-0.433137
-0.608501
0.350479
-0.301739
0.132842
1.207775
-0.406995
-1.451328
-0.348136
0.054450
1.068293
-0.130732
1.904749
0.836061
-1.676765
-1.313192
-1.053401
-1.957714
0.978962
0.809236
-0.774414
-0.849090
-0.793337
0.003858
-1.368033
-3.510097
-0.738053
-0.307748
-0.833119
0.853346
3.034849
0.715678
0.223984
0.427690
0.510824
-0.911676
0.942313
-0.429688
0.146283
-0.391163
-1.541979
-0.704746
1.217063
-0.971924
3.302400
0.018371
-1.660761
0.595464
1.343209
1.580831
-0.088249
-0.519729
0.321200
-1.712336
0.319449
-0.353277
0.103654
2.422767
-1.396221
0.144473
0.286994
0.413686
-0.136248
0.608496
-0.355706
0.271097
-0.267816
1.296109
1.110876
-1.421860
0.426616
-0.541807
0.755440
-2.518461
-1.557676
-0.509505
-0.543964
-2.224054
-0.149058
0.065021
-0.876764
-0.232998
0.624368
0.624560
0.836543
-0.892953
1.460185
1.247572
-2.236052
-1.863431
-1.452769
-1.002586
-0.554468
-0.481915
-0.572932
1.108936
0.381054
-1.309801
0.623810
0.115125
0.444941
-1.182806
0.420254
1.352664
0.010508
0.908714
-0.326576
1.109857
1.046369
-0.479338
-0.760306
-0.001250
2.192232
-0.203250
0.367943
-1.351197
0.632975
0.318830
-1.170921
-1.294040
-0.000931
-1.190001
-0.821501
-0.913883
-0.733612
0.724933
0.028420
-0.931757
-0.120518
-1.125520
0.564254
-1.220098
-0.696726
-0.109673
0.128701
-0.835037
-0.677480
0.460379
0.932896
1.035290
0.459267
-0.213835
-0.260888
0.371102
-0.532769
2.010611
-0.862654
-0.345755
-0.149464
-0.354153
-0.825640
1.938814
-2.849677
-0.675020
-0.053275
0.317080
-0.152787
-2.204542
-1.125781
0.403932
0.741558
0.559172
-0.426904
0.248852
0.200101
-1.335586
-0.438797
-0.979751
-2.352621
0.210879
-0.206709
-0.658880
0.730665
-0.491048
1.762977
1.776545
-1.156571
-1.384492
-0.291515
0.157533
1.339916
-0.267118
-0.920244
0.053629
0.050968
-0.177802
1.239519
-0.023335
1.356050
-1.567317
-1.082410
-0.494787
0.267167
0.998096
0.242386
-2.433788
0.471807
-2.007053
3.543680
0.831698
0.790122
0.091805
-1.027975
-1.392567
-1.156945
-2.591287
1.377122
-0.122148
-0.084743
0.628777
-0.782735
0.474873
-1.058951
0.595853
-1.711115
0.646251
-1.605836
0.400426
-0.133665
0.767341
0.388428
1.283059
0.099106
-1.101718
1.703337
0.041385
-0.005259
-0.416360
0.123908
-0.671706
0.150608
-1.265915
0.193750
0.091498
-1.933521
-0.437233
0.659677
-0.012749
-0.639743
-1.214558
-0.455608
1.510149
0.492938
0.596150
-1.056272
-0.381332
0.838092
0.338105
0.262337
1.469087
-1.072901
-0.028831
0.400670
0.097135
-0.438881
-1.115873
0.921217
0.640201
-1.745326
0.230284
-0.904485
0.758710
-2.298156
-1.403853
-0.294009
0.209941
-1.729757
-2.950149
0.338566
0.778360
2.750950
1.600136
0.517792
0.468478
0.848747
0.490698
1.351268
-0.597345
-0.137558
-0.856277
-0.959271
-0.676559
2.000156
0.305519
1.446710
1.947015
0.028726
-0.520913
-0.830684
0.021232
-0.759438
0.725157
0.206343
0.248281
-0.378890
0.610985
-0.816388
0.458677
-0.849509
-1.315279
0.791221
1.106568
-1.157206
1.644617
0.219753
1.931727
0.139453
0.186071
-0.141743
-0.010994
2.095548
-0.173204
0.672246
0.295377
1.679441
-0.939289
-0.095821
-0.818414
-1.382860
0.362754
-1.281035
0.933643
-1.669171
1.091479
0.663394
0.574230
0.212457
-1.638676
-1.689613
0.905479
-0.014337
0.275681
-0.826420
0.663161
0.360218
-1.142813
2.410634
0.888875
1.642679
-0.301259
0.646127
-2.224961
-0.228979
-0.416903
-0.396522
-1.877499
-1.474199
-1.039725
-0.633390
-0.719994
-1.686196
-1.017954
0.032103
0.489597
0.030138
1.179568
0.458502
-1.111852
0.544124
-1.709444
1.280090
-2.590191
1.486571
0.113203
1.218388
-0.191055
0.122003
-0.062330
1.356914
-0.842903
2.158248
-1.222357
0.856263
0.943814
0.604257
1.386677
1.724258
-0.022324
-0.445844
0.116739
-0.439071
-1.540709
-0.255354
0.989471
-0.147649
-1.293378
