0.026961
0.071144
0.239979
0.203210
0.234408
0.260562
0.323919
0.527351
0.454386
0.426631
0.629178
0.560455
0.643914
0.734722
0.666611
0.811556
0.889090
0.853652
0.986976
1.004021
0.955302
0.964556
0.968961
0.992776
0.976064
1.051635
1.025469
1.030430
1.047702
1.068063
0.959595
1.041581
0.985285
0.979087
1.092064
0.919722
1.017166
0.905032
0.942311
1.065817
0.964283
1.062061
1.049131
1.035081
1.051640
1.048851
0.968130
0.895743
0.942701
1.035966
1.006863
0.933545
1.029716
1.010598
1.056797
0.985411
0.973737
0.958268
0.983423
0.974397
1.001118
1.002982
0.958783
0.967150
0.880344
0.994503
1.004112
1.018609
0.994244
1.065541
1.001287
1.058708
1.000290
1.038050
0.972847
0.982808
1.043770
1.100328
0.911525
1.001006
0.906973
0.989126
1.064553
1.028274
1.046686
1.119477
0.911997
0.986080
1.050908
1.014884
1.013619
1.078650
1.033772
0.957377
1.035734
1.037966
0.957050
1.017505
1.020741
0.973635
1.048936
1.050494
0.994838
1.069007
0.977986
1.029612
0.975541
0.909064
0.978311
0.954603
0.984426
0.922267
0.999932
0.942702
1.044082
0.987233
0.998516
0.995182
1.036760
0.994716
1.084446
0.934455
0.988327
1.018241
1.006818
1.074761
1.059522
0.982031
1.079657
1.058865
0.980986
0.891363
1.038722
1.050749
1.093894
0.891564
1.029065
1.030973
1.062278
1.036306
0.989575
0.993576
0.970751
1.022605
1.003750
1.064253
0.971317
0.947397
1.028231
1.125618
0.922747
1.011093
1.015974
1.017269
1.036946
0.988061
1.070539
1.030719
1.008281
0.872009
0.967255
0.955435
1.013278
1.040919
0.972030
1.066641
0.914279
0.953555
1.022250
1.042763
0.910840
1.007582
0.924269
1.038281
1.032657
0.980966
0.941986
1.031803
0.976272
1.085429
1.000286
1.011225
1.068925
1.038695
1.053823
0.964383
1.025504
0.963222
1.051771
1.011515
1.044122
1.028162
0.943779
1.006870
0.989994
1.017174
0.981750
0.909313
1.023258
0.987395
0.855536
0.876874
0.732710
0.589550
0.470156
0.352288
0.336910
0.133276
0.070654
0.017553
-0.031595
-0.152588
-0.247504
-0.434272
-0.521536
-0.690167
-0.680042
-0.734953
-0.945252
-1.059041
-1.020435
-0.998210
-0.984863
-1.001969
-0.991554
-0.890578
-0.958155
-0.995228
-0.884628
-1.037991
-0.941809
-0.975695
-1.031493
-1.055292
-1.112237
-1.021112
-1.083305
-0.984181
-1.018035
-0.937844
-0.865034
-0.987411
-1.072436
-0.964161
-0.963653
-0.908457
-1.024360
-1.018796
-1.110003
-0.983282
-0.936479
-0.874066
-0.713272
-0.600010
-0.384601
-0.423714
-0.291647
-0.202617
-0.067942
0.000522
0.055004
0.196852
0.317730
0.309755
0.565295
0.586503
0.750489
0.776350
0.885153
0.946241
1.001326
1.034910
0.970435
1.015807
1.041304
1.035405
0.965065
1.033533
1.052940
1.031147
1.075744
0.990102
1.050821
0.930479
0.886518
1.006018
1.071065
0.960250
0.943258
0.909372
0.965111
1.004098
1.078234
1.040060
1.088863
0.993347
0.937743
1.028380
0.964296
0.982386
0.970994
1.029198
0.962194
1.024004
0.941260
1.027851
0.929766
1.045851
0.970967
1.011853
1.087487
0.953484
0.989758
0.970007
0.897640
0.949799
0.956219
1.020411
0.989631
0.952591
0.966684
1.019702
0.974979
1.015752
0.967959
0.951251
1.051435
1.070547
1.056670
0.935630
0.956809
0.996100
1.032305
0.982412
1.000166
1.022537
1.003199
1.054250
1.072711
1.078941
1.059116
1.000165
1.016190
1.023533
0.995599
0.956013
1.034962
0.973167
1.074572
1.048043
0.896944
0.756526
0.777450
0.578618
0.576284
0.438155
0.246606
0.213099
0.073321
-0.005361
-0.142278
-0.194293
-0.271969
-0.382363
-0.464100
-0.675060
-0.720541
-0.769970
-0.900801
-1.072636
-1.021088
-1.056897
-1.084910
-1.003592
-0.946683
-1.033893
-1.072529
-1.048252
-1.078632
-1.000493
-1.035949
-1.074825
-1.065264
-1.029794
-1.044158
-1.071046
-1.057016
-0.875976
-0.988980
-1.062765
-1.025104
-1.079443
-1.067437
-1.080119
-0.959008
-0.943745
-1.019391
-0.951591
-0.967532
-0.950162
-1.098793
-1.019535
-1.025004
-1.015923
-0.962971
-0.999530
-0.980878
-0.941505
-1.034560
-1.040742
-0.929570
-0.964860
-1.063395
-1.017181
-1.029303
-1.009915
-1.171316
-0.940332
-0.941179
-1.030322
-0.988070
-0.978242
-0.940957
-0.971253
-0.994847
-0.983944
-1.007824
-1.048925
-1.000423
-0.979005
-0.972909
-1.105357
-1.059479
-0.975934
-0.949702
-0.975975
-1.078207
-0.987517
-1.133350
-0.990997
-0.899013
-1.024728
-1.019848
-1.068804
-0.996070
-0.969981
-1.098753
-0.983494
-1.015966
-0.965971
-0.942803
-0.785656
-0.748898
-0.626972
-0.605864
-0.407363
-0.292969
-0.232129
-0.081564
0.002575
0.059134
0.206866
0.263526
0.367396
0.537367
0.531270
0.777635
0.720973
0.966975
1.034693
1.070627
0.977571
0.970042
0.996947
0.978451
0.996544
1.002859
0.947982
0.978304
1.064161
0.975418
1.023774
0.927695
0.893526
0.973239
1.106476
1.028476
0.962693
0.944480
1.085685
0.989002
1.077663
0.997439
1.001134
0.976900
1.007416
1.117620
1.005868
1.012535
0.998981
0.977068
1.099045
0.987457
0.946948
0.944394
1.026687
1.059546
1.071226
0.928645
1.017192
0.958351
0.963647
1.044001
1.022853
1.001849
0.997836
1.117681
1.031322
1.099435
0.928568
0.969877
1.028488
1.032785
0.990112
0.975896
1.003242
1.096764
1.071491
1.037125
0.926743
1.045966
1.114818
0.973645
0.967640
0.992852
0.901521
1.006799
1.124655
1.131330
0.991929
0.956712
0.954764
1.017266
1.016473
1.056889
1.030964
1.002246
0.885894
0.965939
1.006057
1.042090
1.112830
1.098634
1.004663
1.017620
1.091047
1.028006
1.013329
0.955669
0.980834
0.939769
1.020416
1.013357
1.006140
1.049159
1.013115
0.916641
1.092007
1.004739
0.980275
1.022075
0.885791
1.056852
1.040900
1.016650
0.932179
0.999581
1.051962
0.930937
1.012947
0.925195
0.990503
0.955385
1.088646
0.964795
0.990087
0.934222
1.009100
1.022339
1.033256
1.090115
1.049738
0.896995
0.974986
1.083452
0.952549
1.076959
0.885608
0.960553
1.095747
0.931051
1.035580
1.066522
1.019127
0.939634
0.995803
0.955828
1.013719
1.023842
0.907065
0.960002
0.967211
0.993660
0.982534
0.944745
1.145782
0.925440
0.983139
0.939455
0.964946
0.957089
1.082975
0.974278
0.986327
0.998467
0.897756
1.054431
1.053150
1.012829
0.997631
1.079814
0.912359
0.956595
0.964620
1.027406
0.980698
1.069479
0.958295
0.975061
0.956392
0.991539
0.970126
1.064801
1.095532
0.986578
0.982697
1.018645
0.935078
0.994724
0.984332
0.925382
0.896548
0.670958
0.561114
0.458804
0.276022
0.302282
0.241206
0.078544
0.013089
-0.052838
-0.310558
-0.335788
-0.447709
-0.445127
-0.561436
-0.773478
-0.860670
-0.928518
-1.179840
-0.880239
-0.950837
-0.967160
-0.989812
-1.050623
-0.966210
-0.935601
-1.009030
-0.971019
-1.032386
-1.011321
-1.006474
-0.950670
-0.963494
-0.926840
-0.994028
-0.978157
-0.976133
-1.060997
-0.983128
-1.016812
-1.010942
-0.985328
-0.986251
-1.066522
-1.017553
-1.064831
-1.014914
-0.867683
-0.923094
-0.939785
-0.745812
-0.735778
-0.594295
-0.484917
-0.318083
-0.204944
-0.188440
-0.005440
0.006827
0.081433
0.197794
0.372051
0.410384
0.505562
0.615792
0.645635
0.877542
0.925578
0.990319
0.968889
1.003996
1.090683
0.971697
1.091538
0.968764
1.001119
1.014954
1.062291
0.916684
0.997934
1.046898
1.026850
1.039253
0.915163
0.976114
0.920289
0.984774
0.980689
0.999393
1.013003
1.032637
1.006712
1.036721
0.860041
1.038419
1.044479
1.005425
1.067409
0.986555
0.971583
0.962256
1.108268
0.999261
0.942363
0.961462
1.058687
1.109802
0.998587
1.075861
0.966636
1.037866
1.004196
1.037981
1.035053
1.036839
0.989319
0.948077
0.919961
1.057184
0.972376
0.995142
1.041598
1.126725
0.975864
0.940643
1.018229
0.911244
1.018502
1.003126
0.965717
1.067260
0.992010
0.932826
0.968665
1.002344
1.051066
0.961007
0.981505
1.036668
0.906615
0.976003
0.952952
1.008284
0.947328
1.040184
0.984078
1.045297
0.980504
0.915360
0.914796
0.791137
0.740896
0.598721
0.506826
0.374956
0.317632
0.203627
0.150728
-0.017967
-0.188567
-0.191303
-0.353110
-0.401246
-0.551715
-0.706511
-0.761778
-0.786588
-0.956116
-1.029498
-1.013438
-0.985614
-1.055002
-0.965002
-0.979810
-1.010241
-1.023207
-0.944911
-0.993243
-0.926882
-0.949556
-1.134703
-0.967728
-1.083286
-0.946201
-0.989818
-0.942722
-0.976033
-0.997002
-1.138178
-0.986089
-0.967301
-0.872576
-0.977213
-0.986799
-1.055882
-1.009169
-1.125345
-0.998268
-0.965409
-0.899464
-1.012672
-0.872128
-0.997392
-0.957406
-1.031653
-0.973349
-1.021424
-1.078318
-1.139439
-1.026876
-1.063736
-0.935526
-1.098639
-1.009113
-0.969554
-1.001600
-0.968708
-0.965328
-1.058004
-0.904068
-0.995086
-0.923427
-1.043875
-0.998327
-0.949228
-0.983828
-0.951050
-1.031197
-1.078563
-1.002266
-0.907564
-1.014307
-0.989333
-1.050123
-1.001147
-1.092188
-0.952124
-1.024521
-1.024520
-1.018072
-1.041523
-0.987447
-1.021034
-0.997284
-1.061994
-0.977080
-1.003473
-0.976933
-0.917514
-1.041956
-0.984190
-0.893440
-1.054443
-0.952880
-0.973929
-0.988040
-1.071379
-1.039932
-0.986956
-0.978325
-1.047193
-1.112261
-1.034919
-1.018015
-0.951912
-0.940263
-0.997087
-0.953299
-1.004885
-1.002137
-1.018966
-1.038384
-1.004253
-1.004290
-0.982776
-0.973139
-1.033193
-1.001426
-1.029400
-1.008668
-1.037090
-1.040706
-1.044264
-0.992856
-0.958018
-1.029210
-1.030527
-1.035546
-1.016447
-1.017915
-1.008495
-0.983172
-1.019297
-1.062574
-0.989983
-0.937705
-1.053626
-1.047269
-0.984976
-1.045837
-1.051051
-1.039183
-1.005659
-0.981252
-0.959433
-0.937401
-0.869292
-1.006277
-1.004816
-0.945336
-1.052567
-0.966805
-0.991187
-0.961854
-0.955334
-0.974814
-0.997077
-1.027022
-0.934558
-1.006928
-0.969735
-1.073767
-1.022770
-1.050019
-0.988758
-0.964549
-0.898108
-0.882712
-0.998242
-1.099753
-0.962118
-1.064995
-0.933336
-0.998413
-0.984731
-0.982917
-1.045877
-0.939681
-1.010252
-0.965052
-0.969029
-0.957995
-1.071131
-0.984104
-0.903105
-0.933138
-0.999637
-1.013762
-1.024808
-0.943272
-0.987198
-1.039693
-1.052510
-1.020219
-1.029332
-1.034078
-0.938371
-0.898358
-1.007361
-0.980767
-0.918280
-1.007992
-0.868580
-0.990360
-0.969924
-1.016393
-0.948625
-1.045021
-0.983450
-1.007521
-0.934693
-0.983673
-1.075506
-1.026360
-1.073481
-1.075497
-1.007568
-0.986839
-1.033062
-0.980433
-1.050005
-1.113532
-1.017869
-0.994377
-0.983628
-1.046144
-1.026857
-0.936119
-1.032831
-0.964785
-0.908721
-0.943239
-1.006750
-1.011075
-1.029395
-0.984903
-0.986511
-0.959256
-1.054426
-1.026710
-1.053396
-0.992904
-1.005978
-1.077329
-1.004847
-1.017813
-1.057091
-1.074276
-0.907171
-0.945745
-1.074615
-1.003017
-1.073804
-0.971765
-1.045426
-1.007700
-1.047175
-0.990471
-1.015937
-1.060441
-0.976271
-1.063386
-0.993331
-0.979907
-1.125612
-0.917480
-0.984334
-1.038000
-0.993841
-0.962053
-1.001128
-0.904804
-0.971140
-1.036029
-1.076557
-1.079311
-0.929885
-0.891572
-1.034471
-0.982844
-0.992550
-0.976548
-0.920489
-0.945562
-1.085387
-0.898418
-1.075404
-0.937321
-0.961506
-0.895503
-0.797920
-0.638667
-0.647289
-0.620475
-0.441569
-0.436398
-0.183652
-0.181607
-0.093610
0.086159
0.206806
0.276953
0.465913
0.459526
0.581586
0.697118
0.831537
0.914498
0.992506
0.952629
0.990702
1.035719
0.960193
0.923365
1.059458
1.043953
0.929820
1.043205
0.887656
1.068230
0.993551
0.921663
1.029271
0.962924
1.029737
0.997000
1.068617
1.067863
0.975672
1.028338
1.000073
0.941378
1.015499
0.991314
0.985278
0.881923
0.920786
0.971012
0.996446
1.031323
0.900711
1.070591
1.021905
0.994142
1.073426
0.877858
1.059770
0.976823
0.954071
0.957238
0.898667
0.999384
0.954287
0.946836
1.112611
0.943848
0.979210
1.000816
1.024722
0.985342
0.922433
1.077975
0.908098
0.988998
1.034026
0.936494
1.071752
0.983649
1.045676
1.018889
0.969330
0.989600
1.021878
0.963518
1.098374
1.027131
1.027292
1.001797
1.081180
0.986682
0.979468
0.947869
0.933836
1.017750
1.097553
1.040578
0.976241
1.011980
0.892276
0.835785
0.803353
0.689791
0.656385
0.530450
0.416310
0.268998
0.279763
0.078810
0.003391
-0.126675
-0.181432
-0.290393
-0.456255
-0.479012
-0.615573
-0.762141
-0.820081
-0.897235
-0.993907
-0.989418
-1.072362
-1.093473
-0.991912
-0.978927
-1.037436
-1.019897
-0.952069
-1.146103
-0.972493
-0.984558
-0.965480
-1.032916
-1.009252
-1.107386
-0.967450
-1.070373
-1.028310
-0.975971
-1.042115
-1.055891
-1.043449
-0.960678
-0.995879
-1.074641
-1.080662
-1.003668
-1.052186
-0.994517
-0.962287
-0.935832
-1.005995
-1.039272
-1.031740
-1.037046
-0.948015
-0.967718
-1.009633
-0.985538
-0.966239
-0.962334
-1.049033
-1.040215
-0.992832
-0.903569
-1.014124
-1.046665
-0.977000
-0.877084
-1.127247
-0.978787
-0.997826
-1.001190
-0.929675
-0.951437
-1.002080
-1.058323
-1.088152
-0.950063
-0.895623
-0.994609
-1.030906
-0.950081
-1.010301
-1.011278
-0.998263
-0.883127
-1.042137
-1.015155
-0.976286
-1.006866
-0.969071
-1.061426
-0.976606
-1.017611
-1.009868
-1.033144
-1.010936
-0.936695
-0.977374
-0.903899
-0.760045
-0.740885
-0.536616
-0.511149
-0.372283
-0.306666
-0.200462
-0.068128
-0.067961
0.137578
0.258088
0.237258
0.446540
0.479962
0.593327
0.651837
0.847235
0.875761
1.014077
1.010476
0.867532
1.049529
1.037961
0.878008
0.967781
0.928459
0.980571
0.934938
1.000054
0.954552
1.031310
1.000896
1.016957
0.975433
0.979418
1.062759
1.007943
1.015502
1.009023
1.069318
0.957509
0.969267
1.048817
0.962916
0.992778
0.988618
1.004741
0.998409
0.958609
0.857883
0.731344
0.680489
0.585804
0.541250
0.459485
0.295940
0.264489
0.081146
-0.020857
-0.099733
-0.180744
-0.395125
-0.346689
-0.561868
-0.594942
-0.598613
-0.749183
-0.821649
-1.002686
-1.017974
-0.972397
-0.979590
-1.016469
-1.022370
-0.946803
-0.931109
-1.057922
-1.088751
-0.975025
-1.016656
-0.981757
-0.980994
-0.984581
-0.977276
-0.951377
-1.024183
-1.081265
-1.001217
-0.986608
-1.043520
-1.013928
-1.003735
-0.945473
-1.007785
-1.086612
-1.030422
-0.998706
-1.040586
-1.010985
-0.893725
-0.805474
-0.679467
-0.532915
-0.410923
-0.386529
-0.218931
-0.122426
-0.148683
0.055565
0.062848
0.266284
0.344618
0.346824
0.520496
0.561426
0.708205
0.779894
0.886766
0.971436
0.928176
0.983773
1.011822
1.000579
0.839674
0.945283
0.988633
0.972198
1.138320
1.005365
0.839344
0.914149
1.029301
0.999574
1.002758
0.952897
1.047510
1.065379
0.943761
0.931481
1.099671
1.022344
1.104675
0.955380
1.045957
1.027285
0.963516
1.059137
0.894792
1.068676
0.912015
1.009816
0.961936
0.958274
1.007245
1.023592
0.934072
0.996756
1.079637
1.012489
0.971689
1.017606
0.981482
1.031483
0.994340
1.012566
1.080885
0.999812
0.967535
0.968625
1.057697
0.972871
0.980910
1.005146
0.973440
1.003393
0.986133
0.978538
0.983257
1.013347
0.907781
1.006168
0.965588
1.075585
1.075088
0.934101
0.931164
1.070650
1.033585
1.057213
0.913177
1.094876
0.945148
1.041233
0.969774
0.998847
1.033864
1.036055
1.075582
1.060396
0.966199
1.024510
0.954915
1.008080
0.972043
0.996496
0.953406
1.074061
1.002836
0.899688
0.925131
0.986287
1.013943
0.965616
0.890612
0.981274
0.959005
0.916821
0.952973
0.961930
1.092095
0.978836
1.026301
0.988116
1.006225
0.891784
1.034083
0.975002
1.013895
1.121496
0.998087
0.978972
1.042679
0.953031
0.919593
1.063401
1.039822
0.995669
1.014774
0.986933
0.960936
1.037536
0.977773
0.964804
1.033690
0.870374
0.980169
1.048811
0.913186
0.924272
0.946737
0.811054
0.733355
0.654140
0.571160
0.465016
0.303188
0.173470
0.141116
-0.044160
-0.193506
-0.228720
-0.287709
-0.348218
-0.429791
-0.570602
-0.701650
-0.827165
-0.848406
-0.997335
-0.984810
-0.927898
-1.003210
-0.988979
-1.051467
-1.051387
-1.005983
-0.953021
-1.035389
-1.015288
-1.007660
-1.053055
-1.088039
-1.109004
-1.066815
-1.006559
-0.972780
-1.004628
-1.076192
-0.981741
-1.012732
-1.056050
-1.109326
-0.982699
-1.030277
-1.009405
-0.987510
-1.021638
-1.002230
-0.966041
-0.903352
-0.782137
-0.744781
-0.597952
-0.527080
-0.404557
-0.295286
-0.257301
-0.071297
0.027699
0.125591
0.310473
0.287250
0.371789
0.544964
0.600518
0.833834
0.735153
0.819607
0.931491
0.951225
0.917812
1.008366
0.945140
1.007602
0.918120
1.001230
0.923560
1.049771
0.872947
0.912461
0.969729
1.020598
1.045883
0.975705
0.952285
1.022805
0.987653
0.998266
0.950747
1.005583
1.020175
1.028318
1.020002
1.070913
0.998815
0.949217
0.920584
0.995530
1.043799
1.089596
1.036957
1.047305
1.002516
0.973268
0.958622
1.021862
1.003575
0.975213
1.035889
1.018463
1.032325
0.950358
1.053035
0.988545
0.923897
0.867564
1.060285
1.015328
0.987811
1.138059
0.968028
1.075504
1.021409
0.973202
0.985702
0.877400
1.034878
0.920743
1.022063
0.999352
1.010610
0.991874
1.002185
0.919531
0.918971
1.011171
0.978582
0.979444
0.925767
1.022311
1.003325
0.884850
1.004912
1.050393
1.000167
1.029274
0.983422
0.967419
1.021227
0.943119
0.995903
0.926420
0.990248
1.060501
1.031756
0.992423
0.954519
1.019896
0.931924
1.002578
0.980438
0.932277
0.990095
0.996214
0.977652
1.050162
1.018915
0.992883
1.003336
1.009307
1.022201
1.012322
0.981028
1.077590
0.987330
0.932521
0.959617
1.012037
1.031897
0.927257
1.000705
0.957431
1.011806
1.027153
1.018761
0.987578
1.056672
0.947302
0.911364
1.055161
0.997318
1.005919
0.932064
0.965236
0.976775
0.924931
0.957857
0.956656
0.974521
1.054135
1.038902
0.983445
0.978978
0.931391
0.964691
0.991334
0.977043
1.063093
1.103063
0.907401
0.952149
0.993865
0.988540
1.047570
1.038972
1.065561
1.074861
0.997390
0.925443
0.989252
1.086061
1.017597
1.074902
0.945152
1.061109
1.088358
0.971343
0.962423
0.944711
0.937668
0.901982
1.049774
0.935748
1.030436
0.924163
0.944864
0.956184
0.998127
0.975017
0.968896
1.044554
0.906887
1.020966
0.986282
0.984125
0.901018
0.908346
1.021431
0.971124
0.941000
0.977616
0.965666
1.077358
1.096308
0.993699
0.972050
1.034287
0.965001
0.974917
1.081312
0.944086
1.010347
1.043424
0.985075
0.997442
1.019231
1.052904
1.033338
0.958520
0.936331
0.981645
0.957872
1.027554
1.011754
0.961160
1.062662
0.987848
1.038764
0.980370
1.115509
1.025205
0.976834
1.019051
1.017880
1.106311
1.056474
0.905263
0.856548
1.023456
0.931346
0.986701
0.963471
0.956397
1.015312
1.019574
0.998404
1.071005
0.944508
1.027325
0.971181
0.770693
0.670940
0.595895
0.525491
0.421642
0.328730
0.249104
0.187897
-0.000638
-0.163928
-0.170374
-0.242348
-0.448317
-0.568205
-0.692214
-0.687851
-0.867070
-0.921858
-0.977897
-1.029321
-0.978004
-1.001198
-0.994408
-1.070481
-1.024225
-1.038382
-0.992478
-1.050872
-1.009145
-1.045823
-0.984346
-0.979367
-1.010496
-1.100839
-0.982059
-0.965830
-0.975462
-1.012115
-0.997763
-0.988802
-0.980964
-0.894402
-1.049294
-1.022803
-0.973324
-1.010883
-1.002609
-1.060038
-1.032287
-0.918766
-0.815873
-0.759313
-0.570554
-0.505206
-0.365215
-0.301402
-0.200165
-0.114648
0.003740
0.085299
0.328562
0.340022
0.412755
0.587718
0.614878
0.677450
0.857739
0.883863
1.037194
1.019701
0.968049
1.038503
1.055046
0.990845
1.021054
0.978716
0.974113
0.974315
1.113149
0.957252
0.998851
1.077235
0.946459
1.002425
1.049039
1.114460
0.906979
0.995079
1.033082
0.938785
1.007831
0.953553
1.015917
1.087250
1.018051
1.046306
1.058777
0.956533
0.953078
1.007044
1.069386
0.995637
0.925140
1.004081
0.946672
0.991745
0.962579
1.066587
1.089696
1.034657
1.007495
1.049730
1.039448
0.931844
1.095167
0.997938
0.889640
0.930391
0.983244
1.129279
0.920435
0.987195
1.020237
1.003901
0.976312
1.025215
1.032756
0.965956
0.958907
1.015416
1.004329
0.974015
0.942625
1.049601
1.075964
1.051454
0.998019
0.866849
1.052524
0.914936
1.024408
1.037074
0.956796
0.915911
0.946360
1.041479
1.054770
0.883880
0.966788
