-5368709.000000
-268435.468750
-13421.673828
-671.070496
-33.556622
-1.702269
-0.093694
0.142666
0.034019
-0.046668
0.104344
-0.004328
0.026197
0.071032
-0.042338
0.049439
0.084062
0.002855
0.084619
0.058252
0.008215
0.014967
0.019709
0.043761
0.028252
0.103048
0.080622
0.084461
0.101925
0.123159
0.015753
0.092368
0.039903
0.031082
0.143618
-0.023097
0.066012
-0.041667
-0.009772
0.115329
0.020050
0.113063
0.104784
0.090320
0.106156
0.104159
0.023338
-0.053090
-0.009954
0.085468
0.056136
-0.023648
0.063533
0.043775
0.083986
0.009611
-0.010783
-0.032271
-0.013191
-0.026263
-0.005195
-0.007278
-0.056581
-0.055680
-0.147440
-0.042869
-0.033032
-0.023042
-0.051908
0.012945
-0.048065
0.006305
-0.049395
-0.014420
-0.077874
-0.071085
-0.009785
0.049838
-0.135983
-0.055793
-0.145817
-0.068165
0.011145
-0.021168
-0.004372
0.069258
-0.134541
-0.070647
-0.002624
-0.035247
-0.038143
0.026742
-0.014891
-0.093367
-0.018934
-0.012981
-0.093599
-0.037175
-0.031117
-0.077921
-0.004960
0.000246
-0.055150
0.016249
-0.071201
-0.023948
-0.075656
-0.144718
-0.078925
-0.099344
-0.070541
-0.131260
-0.056631
-0.110129
-0.011424
-0.063338
-0.054651
-0.057550
-0.016118
-0.056090
0.031641
-0.113963
-0.067371
-0.035128
-0.044938
0.022515
0.010648
-0.067436
0.026285
0.010179
-0.068505
-0.162063
-0.019381
-0.000220
0.043883
-0.156242
-0.028747
-0.020464
0.011255
-0.013131
-0.061082
-0.059478
-0.082223
-0.031506
-0.047825
0.011861
-0.078090
-0.106508
-0.027095
0.074263
-0.123540
-0.045084
-0.036280
-0.034545
-0.014782
-0.062678
0.017405
-0.018411
-0.042640
-0.180123
-0.091751
-0.099153
-0.041680
-0.011165
-0.078529
0.012714
-0.135086
-0.103199
-0.032910
-0.008882
-0.139604
-0.049399
-0.128201
-0.018129
-0.018249
-0.069946
-0.111511
-0.023772
-0.074917
0.031683
-0.048130
-0.041182
0.016866
-0.010461
0.003300
-0.085452
-0.028768
-0.088217
-0.002640
-0.038617
-0.007809
-0.022228
-0.107332
-0.048497
-0.062431
-0.035948
-0.070047
-0.144189
-0.033951
-0.064302
-0.097680
0.021990
-0.016191
-0.061259
-0.082906
-0.101858
-0.018182
-0.117633
-0.085228
-0.036708
0.016569
-0.001760
0.002408
-0.084152
-0.075744
-0.143954
-0.037240
0.013185
-0.094592
-0.113770
-0.076124
-0.052016
-0.037463
-0.053843
-0.044247
0.057210
-0.005295
-0.045493
0.063097
-0.084836
0.003949
-0.025498
-0.082768
-0.109431
-0.167709
-0.079497
-0.137280
-0.041045
-0.070087
0.008651
0.085399
-0.033141
-0.124093
-0.020365
-0.014671
0.040809
-0.072319
-0.072412
-0.163624
-0.041463
-0.088552
-0.128494
-0.069697
-0.053495
0.062724
-0.070578
-0.045176
-0.054876
-0.020686
-0.050513
-0.097521
-0.058024
-0.035172
-0.142003
0.008195
-0.063087
-0.002665
-0.073783
-0.068536
-0.107186
-0.054034
-0.017792
-0.080454
-0.038216
-0.010607
-0.015125
-0.085691
-0.020751
0.001902
-0.018757
0.024806
-0.058657
-0.002111
-0.119626
-0.169463
-0.052455
0.018443
-0.088827
-0.111184
-0.146187
-0.092198
-0.050512
0.025708
-0.008654
0.038430
-0.054732
-0.114993
-0.027370
-0.087073
-0.071968
-0.077604
-0.014682
-0.073540
-0.009673
-0.084224
0.003640
-0.085052
0.031598
-0.032453
0.010230
0.092999
-0.031866
0.003165
-0.009835
-0.077852
-0.024094
-0.009985
0.059912
0.037627
0.004473
0.016907
0.070548
0.028506
0.067178
0.021318
0.002317
0.101551
0.125624
0.112951
-0.008723
0.006373
0.046418
0.084626
0.036644
0.051998
0.075137
0.056956
0.107098
0.128065
0.135344
0.115883
0.055959
0.068988
0.076982
0.049448
0.008485
0.085387
0.027437
0.125944
0.104340
0.047161
-0.001116
0.112394
0.014238
0.101996
0.063255
-0.035231
0.021337
-0.020612
-0.006392
-0.047598
-0.006673
0.012697
-0.001728
0.010813
-0.104520
-0.060767
-0.013008
-0.046451
-0.124958
-0.077336
-0.110764
-0.140448
-0.060614
0.000286
-0.083879
-0.126723
-0.104589
-0.133862
-0.057186
-0.088808
-0.129266
-0.121727
-0.085881
-0.098452
-0.125969
-0.113315
0.068358
-0.035562
-0.114543
-0.080831
-0.133484
-0.124111
-0.136324
-0.015824
0.005464
-0.069118
-0.005047
-0.017784
-0.001051
-0.143845
-0.066727
-0.063340
-0.049090
0.009574
-0.019051
0.003169
0.048654
-0.037127
-0.042598
0.073301
0.048805
-0.045954
0.000521
-0.004277
0.019871
-0.135322
0.092902
0.108466
0.025102
0.063186
0.074917
0.112789
0.084387
0.059372
0.069025
0.045627
0.003357
0.049745
0.073482
0.080765
-0.051319
-0.012045
0.073464
0.103971
0.079224
-0.024246
0.061271
-0.080287
0.054989
0.153737
0.032959
0.031800
-0.017214
0.053069
0.082672
-0.044619
0.064275
0.037248
0.085891
0.006491
0.054668
-0.011165
0.002470
-0.080741
0.008600
0.022460
-0.021006
0.022386
0.003694
-0.045681
-0.005418
-0.051745
-0.055191
0.009608
-0.098249
0.037722
-0.117140
0.016118
-0.014501
0.019902
-0.071434
-0.083530
-0.057229
-0.074410
-0.057177
-0.050000
-0.104518
-0.076922
0.010315
-0.074066
-0.029929
-0.123801
-0.162664
-0.084894
0.052232
-0.018913
-0.088253
-0.109933
0.030189
-0.059489
0.024689
-0.051326
-0.051432
-0.075672
-0.046368
0.065301
-0.040866
-0.039508
-0.052995
-0.070582
0.055516
-0.044767
-0.085290
-0.084870
0.002444
0.044668
0.063459
-0.073182
0.013533
-0.035973
-0.028152
0.057593
0.045732
0.029135
0.029293
0.154145
0.079029
0.148387
-0.014012
0.019176
0.079447
0.086758
0.044450
0.028119
0.054648
0.149497
0.128966
0.093573
-0.018578
0.095037
0.169569
0.032123
0.019246
0.043814
-0.046288
0.054485
0.177379
0.190198
0.051439
0.009284
0.005228
0.067527
0.069850
0.110381
0.086483
0.056570
-0.061277
0.012875
0.056701
0.089925
0.157326
0.141500
0.041738
0.044706
0.113282
0.048671
0.025762
-0.038043
-0.021068
-0.066285
0.007101
-0.001288
-0.013925
0.023463
-0.015712
-0.119144
0.046049
-0.037959
-0.071623
-0.031506
-0.165784
-0.001437
-0.009172
-0.033809
-0.119512
-0.056395
-0.000857
-0.119106
-0.043009
-0.126955
-0.065844
-0.097907
0.033751
-0.083517
-0.064089
-0.118983
-0.046849
-0.030003
-0.018245
0.039203
0.001698
-0.152920
-0.082660
0.029319
-0.095985
0.022160
-0.163284
-0.097611
0.040866
-0.116906
-0.020265
0.015509
-0.030098
-0.111871
-0.059790
-0.097162
-0.041139
-0.028215
-0.144346
-0.097215
-0.087649
-0.060723
-0.070502
-0.108780
0.090343
-0.120042
-0.072863
-0.114188
-0.090763
-0.097449
0.028102
-0.074317
-0.067389
-0.054903
-0.154989
-0.003318
0.002984
-0.037022
-0.054220
0.027103
-0.136286
-0.100220
-0.090391
-0.027113
-0.070657
0.015946
-0.090907
-0.079484
-0.097582
-0.063340
-0.083041
0.010648
0.046065
-0.061119
-0.070359
-0.034873
-0.116666
-0.061109
-0.068723
-0.028054
0.045145
-0.076785
-0.092726
-0.095832
-0.178769
-0.056657
-0.011627
-0.072038
-0.040513
-0.004864
-0.160801
-0.093828
-0.102401
-0.000247
-0.011449
-0.124051
-0.116873
-0.084362
-0.234058
0.058058
0.002066
-0.017057
-0.040664
-0.102656
-0.021343
0.013332
-0.058363
-0.023937
-0.083583
-0.065501
-0.059749
-0.003658
-0.013677
0.022476
-0.042904
-0.030302
-0.027649
-0.112380
-0.038747
-0.068749
-0.064380
-0.038547
-0.038178
-0.118431
-0.073475
-0.118505
-0.070839
0.078775
0.030844
-0.088243
-0.000224
-0.085790
-0.048584
-0.037346
0.030050
0.046559
-0.036112
0.042755
-0.041035
-0.070619
-0.055737
0.019264
-0.038653
-0.046371
-0.036526
-0.106192
0.022233
-0.023310
-0.060847
-0.084154
-0.050212
0.038173
-0.076395
0.037718
-0.079350
-0.052848
-0.037688
0.010406
-0.132796
-0.058706
-0.006037
-0.023452
-0.011920
-0.135433
-0.080657
-0.133744
-0.071914
-0.072907
-0.054252
-0.039710
-0.019348
-0.044255
-0.015492
-0.190734
-0.021117
-0.006577
-0.044904
0.015164
-0.062687
-0.076551
-0.081571
0.069190
-0.027279
-0.084001
-0.062738
0.040550
0.101830
-0.001322
0.075795
-0.024574
0.046638
0.021528
0.059058
0.063006
0.069989
0.027818
-0.010532
-0.035566
0.105406
0.027646
0.046524
0.093924
0.181421
0.034935
-0.007610
0.067849
-0.035363
0.066733
0.056462
0.018540
0.118187
0.047919
-0.014778
0.017927
0.053240
0.103728
0.016194
0.032315
0.088284
-0.038971
0.024054
0.004155
0.058491
0.000253
0.090197
0.038588
0.097226
0.035365
-0.032872
0.058152
0.034044
0.077598
0.032601
0.033456
-0.003371
0.032463
0.015250
0.056491
-0.015142
-0.094324
-0.006020
-0.068411
-0.024667
-0.077948
-0.140409
-0.103798
-0.031778
-0.102705
-0.084633
-0.067670
-0.038998
-0.106952
-0.020350
-0.030827
-0.061782
-0.076296
0.001274
-0.043180
0.020959
0.001492
-0.184629
-0.026959
-0.134634
-0.002933
-0.039964
0.005280
-0.025769
-0.048290
-0.190592
-0.045619
-0.019582
0.076445
-0.023391
-0.037969
-0.107780
-0.064558
-0.178573
-0.057197
-0.018269
0.049622
-0.060191
0.074862
-0.043649
-0.009588
-0.082133
-0.027456
-0.072797
-0.131958
-0.196037
-0.086678
-0.118070
0.008571
-0.148210
-0.066523
-0.022880
-0.052744
-0.021345
-0.016395
-0.108824
0.040491
-0.043061
0.024420
-0.092654
-0.052960
-0.001876
-0.033922
-0.002746
-0.081335
-0.132630
-0.058898
0.039491
-0.062332
-0.042450
-0.102246
-0.056259
-0.145001
-0.009374
-0.074990
-0.078270
-0.071985
-0.095123
-0.042203
-0.073145
-0.050942
-0.114541
-0.032807
-0.055114
-0.029689
0.031002
-0.085406
-0.028460
0.070137
-0.080936
0.018073
0.006975
-0.002691
-0.081513
-0.049008
0.010593
0.027205
-0.035833
-0.099053
-0.019872
0.005992
0.078388
0.098656
0.047846
0.094093
0.049820
0.050354
0.033552
0.013293
0.046412
0.048031
0.069626
0.080342
0.020824
0.049615
0.023081
0.042486
0.015034
0.010046
0.006238
0.057456
0.094855
0.025533
0.020750
0.015491
0.034328
0.033802
0.043195
0.068988
0.034152
-0.010866
0.059473
0.115269
0.002137
0.002838
0.065166
0.002421
-0.010930
-0.004730
0.024105
0.044953
0.062814
0.080740
0.144745
0.005960
-0.004518
0.049438
-0.060095
0.015190
-0.010428
0.012625
0.015297
-0.009049
-0.037529
-0.073898
0.011747
-0.056341
-0.022552
-0.124894
-0.079015
-0.103970
-0.043956
-0.016747
0.051055
0.069841
-0.044750
-0.151991
-0.019718
-0.115981
0.010865
-0.047870
-0.037125
-0.034773
-0.097615
0.005438
-0.059981
-0.018051
-0.019932
-0.008991
-0.121580
-0.040183
0.044886
0.019107
-0.048681
-0.066196
-0.078118
0.002822
-0.037056
-0.091546
-0.107088
-0.075573
-0.083110
-0.088233
0.007217
0.052003
-0.054761
-0.033505
0.030045
-0.056490
0.078595
-0.036430
-0.021745
-0.067481
-0.001999
-0.095121
-0.038206
-0.059431
0.012335
-0.033056
-0.127159
-0.082718
-0.127617
-0.131878
-0.064162
-0.040047
-0.085065
-0.034686
-0.101739
-0.168619
-0.076300
-0.048192
-0.036037
-0.097946
-0.081754
0.009793
-0.082342
-0.018902
0.040334
0.008778
-0.056311
-0.063890
-0.082590
-0.039032
-0.038462
-0.011179
-0.104985
-0.081959
-0.107494
-0.048279
-0.058392
-0.130249
-0.061359
-0.070881
-0.110636
-0.129808
0.036339
0.006072
-0.124311
-0.059233
-0.126765
-0.028103
-0.096831
-0.062542
-0.100302
-0.045486
-0.068211
-0.113852
-0.031963
-0.114984
-0.049080
-0.032361
-0.177231
0.023658
-0.033151
-0.089658
-0.048324
-0.014470
-0.051851
0.042604
-0.019010
-0.086979
-0.130906
-0.135857
0.013322
0.059094
-0.081516
-0.036919
-0.044396
-0.028767
0.028073
0.005842
-0.135095
0.044827
-0.123163
0.006521
-0.011180
-0.041062
-0.039973
0.024335
-0.076072
-0.149279
-0.069033
-0.154850
-0.001394
-0.086677
-0.097944
-0.013738
0.016119
-0.007241
0.085551
-0.011197
0.011026
0.032670
0.073170
0.063157
0.045663
0.004912
0.040947
0.087767
0.014581
-0.025905
0.108163
0.099361
-0.015212
0.092445
-0.057722
0.115343
0.049318
-0.025871
0.077977
0.016823
0.080579
0.051029
0.121169
0.123921
0.031868
0.079932
0.054070
-0.005919
0.065203
0.044575
0.037506
-0.066201
-0.032524
0.019386
0.047416
0.083694
-0.045104
0.118335
0.077822
0.048033
0.125827
-0.065851
0.106477
0.032147
0.005678
0.007522
-0.050957
0.046836
0.006628
-0.002833
0.162470
0.001971
0.029308
0.052282
0.077336
0.039209
-0.025606
0.126694
-0.035567
0.037220
0.085887
-0.009211
0.121292
0.039714
0.097662
0.073772
0.023019
0.040751
0.073916
0.017214
0.149235
0.084593
0.081521
0.055873
0.133974
0.043381
0.031637
-0.000550
-0.016192
0.066940
0.150900
0.098123
0.031147
0.063537
-0.054547
-0.021942
0.042256
0.026904
0.087730
0.059836
0.039302
-0.014037
0.089061
-0.011737
0.002805
-0.031535
0.006991
-0.005044
-0.076507
-0.007838
-0.045965
-0.099439
-0.065053
-0.045487
-0.046181
-0.041727
-0.124448
-0.149695
-0.049397
-0.031396
-0.089006
-0.074348
-0.005787
-0.196393
-0.032312
-0.036174
-0.017289
-0.083780
-0.063441
-0.160558
-0.025478
-0.121647
-0.084392
-0.030191
-0.093625
-0.110572
-0.098977
-0.015627
-0.046661
-0.126974
-0.137011
-0.060518
-0.105212
-0.049777
-0.014775
0.013429
-0.055324
-0.092038
-0.086342
-0.091363
-0.002583
-0.017848
-0.060525
-0.038564
-0.018167
-0.013242
-0.099695
-0.095199
-0.047592
0.044051
-0.061922
-0.099761
-0.031989
0.071317
-0.173681
-0.037471
-0.049699
-0.053675
0.017641
-0.000555
-0.052108
-0.110928
-0.143699
-0.007247
0.054015
-0.041908
-0.083001
-0.004232
-0.060513
-0.064304
-0.051478
0.064299
-0.088922
-0.069601
-0.029766
-0.058355
-0.021988
-0.112526
-0.032233
-0.069223
-0.063330
-0.086311
-0.065252
0.010043
-0.026872
-0.050243
-0.002557
-0.076013
0.029584
-0.034670
0.005983
-0.021367
-0.011531
0.026296
-0.066646
0.039245
0.070050
-0.044239
0.064328
0.008178
0.023736
-0.011976
0.086636
0.025093
0.065332
0.063743
-0.079281
0.095565
0.092739
-0.067355
0.014413
-0.020820
0.029530
-0.013586
0.049375
0.007021
0.081661
0.054979
0.069706
0.028919
0.030864
0.114302
0.063658
0.068685
0.062457
0.122441
0.013632
0.019948
0.099814
0.017907
0.043673
0.040801
0.056782
0.051248
0.011171
0.003442
-0.028484
0.014065
0.016507
0.067075
0.082839
0.015082
0.075243
-0.010092
-0.021361
-0.005801
0.008966
-0.109677
0.027828
-0.085477
-0.029216
0.064926
0.014063
0.034054
-0.050983
-0.070523
-0.025923
-0.030886
-0.068013
-0.075771
-0.000592
0.018861
-0.106979
-0.144100
-0.032230
-0.068267
-0.035171
-0.032752
-0.036219
-0.029086
-0.002831
-0.074325
-0.134981
-0.057966
-0.039506
-0.095495
-0.068702
-0.057170
0.001668
-0.057702
-0.139497
-0.087397
-0.053076
-0.093240
-0.065647
-0.042007
-0.047575
-0.016846
0.036243
0.065889
-0.003234
0.065908
0.070869
-0.050139
0.053058
-0.029499
0.074809
0.063359
-0.030008
0.043995
-0.006374
0.042887
0.022039
0.032868
0.023079
-0.020670
0.032740
0.063459
0.053752
-0.107639
-0.010099
0.038128
0.024105
0.189525
0.064841
-0.107414
-0.041221
0.077240
0.053436
0.055429
0.005668
0.097793
0.120268
-0.000225
-0.018530
0.148745
0.079781
0.158664
0.013314
0.096623
0.082116
0.017622
0.110019
-0.049707
0.116191
-0.032176
0.058207
0.014846
0.009016
0.057695
0.076477
-0.012105
0.046151
0.131944
0.069086
0.025143
0.068864
0.034925
0.083229
0.048502
0.064991
0.134134
0.056519
0.020361
0.019643
0.108679
0.028305
0.032325
0.056762
0.026278
0.054707
0.038868
0.030482
0.034781
0.065086
-0.038965
0.054220
0.018299
0.126500
0.131413
-0.009328
-0.019302
0.119685
0.089569
0.111692
-0.031238
0.143315
0.002314
0.091348
0.024341
0.050064
0.086367
0.090373
0.130100
0.116901
0.017044
0.065362
-0.006817
0.037740
-0.001070
0.016443
-0.030772
0.082522
0.011962
-0.099713
-0.084855
-0.027956
-0.002455
-0.054507
-0.137114
-0.055581
-0.078774
-0.127118
-0.098383
-0.092989
0.037446
-0.069292
-0.027164
-0.063242
-0.046937
-0.160563
-0.023945
-0.076196
-0.039915
0.069501
-0.048438
-0.073450
-0.010993
-0.097519
-0.135283
0.006637
-0.009846
-0.054823
-0.037968
-0.064966
-0.092312
-0.017080
-0.073081
-0.088850
-0.020752
-0.180664
-0.078864
-0.005132
-0.137071
-0.132582
-0.009893
-0.039440
-0.018617
0.003209
0.021321
0.016082
-0.046008
-0.078831
-0.012826
-0.094801
-0.148246
-0.086132
-0.042016
-0.000319
0.020193
-0.019593
-0.052629
-0.079796
-0.002396
-0.047455
-0.037183
0.020243
-0.052198
-0.041589
-0.103546
-0.106565
-0.061311
-0.006087
-0.085693
-0.069573
-0.061138
-0.106112
-0.143345
-0.166172
-0.125123
-0.062815
-0.025921
-0.055924
-0.128988
-0.038190
-0.064642
-0.109282
-0.164790
-0.040938
-0.082324
-0.063521
-0.040686
-0.073672
-0.055914
-0.018837
-0.049294
-0.024602
-0.081011
-0.032002
-0.053680
-0.027241
-0.011648
-0.067884
0.020309
0.028715
0.032027
0.122074
0.008354
-0.007794
0.069575
0.033996
0.170533
-0.016320
-0.036209
-0.020319
0.000209
-0.032178
0.056757
-0.002023
0.057501
-0.029005
0.049780
-0.023951
0.098573
-0.072125
-0.041146
0.017672
0.071481
0.099457
0.030678
0.003818
0.072996
0.041303
0.050331
0.003263
0.055746
0.072962
0.081966
0.074101
0.124618
0.055046
0.001970
-0.029317
0.044064
0.096002
0.144396
0.094177
0.102014
0.057617
0.026149
0.009930
0.072359
0.057193
0.028072
0.087292
0.072827
0.085967
0.004657
0.103268
0.043709
-0.023918
-0.083632
0.106104
0.070633
0.041343
0.190126
0.027534
0.126880
0.077753
0.027089
0.037057
-0.070747
0.081341
-0.025190
0.070804
0.052892
0.063255
0.045037
0.054437
-0.027747
-0.032417
0.059550
0.031560
0.031022
-0.022682
0.071177
0.056883
-0.062306
0.051797
0.102983
0.055316
0.082040
0.037524
0.019295
0.072192
-0.003271
0.045739
-0.021293
0.039184
0.112461
0.087379
0.046792
0.006858
0.070239
-0.014564
0.051850
0.033031
-0.016071
0.039291
0.048178
0.030061
0.101665
0.073998
0.046583
0.055665
0.062090
0.075305
0.066087
0.034332
0.129307
0.043795
-0.015290
0.008853
0.062479
0.085021
-0.018492
0.049780
0.009920
0.062302
0.080268
0.072774
0.041216
0.108732
0.002738
-0.038499
0.103236
0.052480
0.058543
-0.015009
0.014485
0.027499
-0.023694
0.006673
0.006989
0.024871
0.100378
0.083921
0.022641
0.010110
-0.043104
-0.017464
0.005461
-0.012684
0.067459
0.106436
-0.092277
-0.062465
-0.024258
-0.032673
0.020936
0.010019
0.031062
0.036414
-0.045790
-0.126846
-0.067090
0.032707
-0.030767
0.023364
-0.103680
0.005925
0.038654
-0.076724
-0.091413
-0.109859
-0.117825
-0.153909
-0.007922
-0.114648
-0.025296
-0.127101
-0.111491
-0.099390
-0.056843
-0.077825
-0.084996
-0.009695
-0.143598
-0.036214
-0.065529
-0.069151
-0.152440
-0.149276
-0.036032
-0.080677
-0.108034
-0.067786
-0.072724
0.043722
0.073495
-0.022626
-0.044082
0.022083
-0.038895
-0.027028
0.084961
-0.041666
0.023264
0.064587
0.013304
0.028107
0.055636
0.095686
0.083122
0.012676
-0.013035
0.030993
0.009422
0.078025
0.065655
0.014443
0.113385
0.043518
0.090940
0.034917
0.167255
0.083568
0.031012
0.070601
0.071410
0.159882
0.114468
-0.039013
-0.095402
0.068686
-0.015219
0.035940
0.015268
0.007161
0.065670
0.072858
0.052047
0.123607
0.000688
0.077359
0.125049
0.026946
0.022287
0.047009
0.077842
0.075534
0.082507
0.103230
0.143058
0.056515
-0.011102
0.079071
0.111605
0.007264
-0.017842
-0.043106
0.059994
-0.014071
0.027439
0.073475
0.024352
0.073214
0.052463
0.058215
-0.017571
0.024896
0.012863
0.058165
0.002036
0.040957
0.006225
0.065965
0.073931
0.043200
-0.048679
0.065507
0.087445
0.078910
0.041830
0.054329
0.063915
0.072232
0.159210
0.008667
0.027631
0.078058
0.043020
0.049542
-0.007561
0.017335
0.027101
0.025482
-0.023038
0.058294
0.022708
0.055921
0.016394
0.010655
-0.009115
0.003284
-0.019537
0.117585
0.030901
-0.005700
0.062433
-0.012000
-0.058150
0.014832
-0.060396
-0.015826
-0.031090
-0.083505
-0.015672
0.004263
-0.058942
-0.031894
-0.072879
-0.079531
-0.079661
0.059166
-0.089790
-0.055638
0.024453
-0.102319
-0.052691
-0.003595
0.064281
-0.139807
-0.061911
-0.020014
-0.112216
-0.047780
-0.098836
-0.039025
0.035299
-0.030184
-0.005204
0.008517
-0.093041
-0.101574
-0.043035
0.027234
-0.038001
-0.106760
-0.026257
-0.074641
-0.026987
-0.048771
0.059149
0.092654
0.044290
0.019709
0.065715
0.062734
-0.040019
0.123166
0.039096
-0.068406
-0.028029
0.031843
0.180871
-0.020521
0.036169
0.072045
0.057504
0.029187
0.076674
0.086590
0.020286
0.009922
0.065912
0.057625
0.026897
-0.006030
0.099300
0.130929
0.108001
0.053419
-0.080480
0.098500
-0.030139
0.072901
0.090719
0.011332
-0.033522
-0.005316
0.091213
0.109331
-0.060653
0.013755
