-5368709.000000
-268435.375000
-13421.528320
-670.873230
-33.309254
-1.404900
0.253674
0.540034
0.481388
0.450701
0.651713
0.593041
0.673566
0.768400
0.705031
0.846808
0.931431
0.900224
1.031987
1.055620
1.008083
1.014960
1.019709
1.043761
1.028252
1.103048
1.080622
1.084461
1.101925
1.123159
1.015752
1.092368
1.039903
1.031082
1.143618
0.976903
1.066012
0.958333
0.990228
1.115329
1.020050
1.113063
1.104784
1.090320
1.106156
1.104159
1.023338
0.946910
0.990046
1.085468
0.961136
0.781602
0.768796
0.649038
0.589249
0.414874
0.294481
0.172992
0.092073
-0.020999
-0.099932
-0.202014
-0.351318
-0.450416
-0.642177
-0.637606
-0.727768
-0.817779
-0.946645
-0.981791
-1.047802
-0.993682
-1.049394
-1.014420
-1.077874
-1.071085
-1.009784
-0.950162
-1.135983
-1.055793
-1.145817
-1.068165
-0.988855
-1.021168
-1.004372
-0.930742
-1.134541
-1.070647
-1.002624
-1.035247
-1.038143
-0.973258
-1.014891
-1.093367
-1.018934
-1.012981
-1.093599
-1.037175
-1.031117
-1.077921
-1.004960
-0.999754
-1.055150
-0.983750
-1.071201
-1.023948
-1.075656
-1.144718
-1.078925
-1.099344
-1.070542
-1.131260
-1.056631
-1.110129
-1.011424
-1.063338
-1.054651
-1.057550
-1.016118
-1.056090
-0.968359
-1.113963
-1.067371
-1.035128
-1.044938
-0.977485
-0.989352
-1.067436
-0.973715
-0.989821
-1.068505
-1.162062
-1.019381
-1.000220
-0.956116
-1.156242
-1.028747
-1.020464
-0.988745
-1.013131
-1.061082
-1.059478
-1.082223
-1.031506
-1.047825
-0.988138
-1.078090
-1.106508
-1.027095
-0.925737
-1.123540
-1.045084
-1.036280
-1.034545
-1.014782
-1.062678
-0.982595
-1.018411
-1.042640
-1.180123
-1.091751
-1.099153
-1.041680
-1.011165
-1.078529
-0.987286
-1.135086
-1.103199
-1.032910
-1.008882
-1.139604
-1.049399
-1.128201
-1.018129
-1.018249
-1.069946
-1.111511
-1.023772
-1.074917
-0.968317
-1.048130
-1.041182
-0.983134
-1.010461
-0.996700
-1.085452
-1.028768
-1.088217
-1.002640
-1.038617
-1.007809
-1.022228
-1.107332
-1.048497
-1.062431
-1.035948
-1.070047
-1.144189
-1.033951
-1.064302
-1.097679
-0.978010
-1.016191
-1.061259
-1.082906
-1.101858
-1.018182
-1.117633
-1.085228
-1.036708
-0.983431
-1.001760
-0.997592
-1.084152
-1.075744
-1.143954
-1.037240
-0.986815
-1.094592
-1.113770
-1.076123
-1.052016
-1.037463
-1.053843
-1.044247
-0.942790
-1.005295
-1.045493
-0.936903
-1.084836
-0.996051
-1.025498
-1.082768
-1.109431
-1.167709
-1.079497
-1.137280
-1.041045
-1.070087
-0.991349
-0.914601
-1.033141
-1.124093
-1.020365
-1.014671
-0.959191
-1.072319
-1.072412
-1.163624
-1.041463
-1.088552
-1.128494
-1.069697
-1.053495
-0.937276
-1.070578
-1.045176
-1.054876
-1.020686
-1.050513
-1.097521
-1.058024
-1.035172
-1.142004
-0.991805
-1.063087
-1.002666
-1.073783
-1.068536
-1.107186
-1.054034
-1.017792
-1.080454
-1.038216
-1.010607
-1.015125
-1.085691
-1.020751
-0.998098
-1.018757
-0.975194
-1.058657
-1.002111
-1.119626
-1.169463
-1.052455
-0.981557
-1.088827
-1.111184
-1.146187
-1.092198
-1.050512
-0.974292
-1.008654
-0.961570
-1.054732
-1.114993
-1.027370
-1.087073
-1.071968
-0.982604
-0.819932
-0.778803
-0.614936
-0.589487
-0.401623
-0.390315
-0.173665
-0.137716
0.004967
0.187736
0.162871
0.297902
0.384902
0.416885
0.570643
0.684752
0.854649
0.932364
0.999210
1.016644
1.070534
1.028506
1.067178
1.021318
1.002317
1.101551
1.125624
1.112951
0.991277
1.006373
1.046418
1.084626
1.036644
1.051998
1.075137
1.056956
1.107098
1.128065
1.135344
1.115883
1.055959
1.068988
1.076982
1.049448
1.008485
1.085387
1.027437
1.125944
1.104340
0.952161
0.804134
0.817657
0.619501
0.607259
0.468518
0.270032
0.226601
0.084651
-0.001128
-0.142334
-0.201410
-0.282039
-0.396465
-0.483923
-0.699256
-0.755504
-0.807745
-0.941188
-1.119695
-1.077073
-1.110751
-1.140448
-1.060614
-0.999714
-1.083879
-1.126723
-1.104589
-1.133862
-1.057186
-1.088808
-1.129266
-1.121727
-1.085881
-1.098452
-1.125969
-1.113315
-0.931642
-1.035562
-1.114543
-1.080831
-1.133484
-1.124111
-1.136324
-1.015824
-0.994536
-1.069118
-1.005047
-1.017784
-1.001051
-1.048846
-0.871977
-0.768603
-0.654353
-0.495689
-0.424314
-0.302094
-0.156609
-0.142390
-0.047862
0.168037
0.243542
0.248783
0.395258
0.490460
0.614608
0.559415
0.887639
1.003203
1.019838
1.062922
1.074904
1.112788
1.084387
1.059372
1.069025
1.045627
1.003357
1.049745
1.073482
1.080765
0.948681
0.987955
1.073464
1.103971
1.079224
0.975754
1.061270
0.919713
1.054989
1.153737
1.032959
1.031800
0.982786
1.053069
1.082672
0.955381
1.064275
1.037248
1.085891
0.911491
0.859918
0.694098
0.607733
0.424522
0.413863
0.327724
0.184257
0.127649
0.008958
-0.140418
-0.200155
-0.346482
-0.449928
-0.485129
-0.692986
-0.657015
-0.911877
-0.878619
-1.009238
-0.979835
-1.071420
-1.083529
-1.057229
-1.074410
-1.057177
-1.050000
-1.104518
-1.076922
-0.989685
-1.074066
-1.029929
-1.123801
-1.162664
-1.084894
-0.947768
-1.018913
-1.088253
-1.109933
-0.969811
-1.059489
-0.975311
-1.051326
-1.051432
-1.075672
-1.046368
-0.934699
-1.040866
-1.039508
-1.052995
-0.975582
-0.749734
-0.750029
-0.690553
-0.590133
-0.402819
-0.260595
-0.141804
-0.178445
0.008270
0.058764
0.166585
0.352330
0.440469
0.523872
0.624029
0.848882
0.873766
1.043124
0.980724
1.018913
1.079434
1.086757
1.044450
1.028119
1.054648
1.149497
1.128966
1.093573
0.981422
1.095037
1.169569
1.032123
1.019246
1.043814
0.953712
1.054485
1.177379
1.190198
1.051439
1.009284
1.005228
1.067527
1.069850
1.110381
1.086483
1.056570
0.938723
1.012875
1.056701
0.994925
0.962576
0.846762
0.647001
0.549970
0.518545
0.353934
0.231025
0.067220
-0.015805
-0.161022
-0.187636
-0.296024
-0.408662
-0.471274
-0.610449
-0.813881
-0.748688
-0.932696
-1.066360
-1.031243
-1.165771
-1.001436
-1.009172
-1.033808
-1.119512
-1.056395
-1.000857
-1.119106
-1.043009
-1.126955
-1.065844
-1.097908
-0.966249
-1.083517
-1.064089
-1.118983
-1.046849
-1.030003
-1.018245
-0.960797
-0.998302
-1.152920
-1.082659
-0.970681
-1.095985
-0.977841
-1.163284
-1.097611
-0.959134
-1.116906
-1.020265
-0.984491
-1.030098
-1.111871
-1.059790
-1.097162
-1.041139
-1.028215
-1.144346
-1.097215
-1.087649
-1.060723
-1.070502
-1.108780
-0.909657
-1.120042
-1.072863
-1.114188
-1.090763
-1.097449
-0.971898
-1.074317
-1.067389
-1.054903
-1.154989
-1.003318
-0.997016
-1.037022
-1.054220
-0.972897
-1.136286
-1.100220
-1.090391
-1.027113
-1.070657
-0.984054
-1.090907
-1.079484
-1.097582
-1.063340
-1.083041
-0.989352
-0.953935
-1.061119
-1.070359
-1.034873
-1.116666
-1.061109
-1.068723
-1.028054
-0.954855
-1.076785
-1.092726
-1.095832
-1.178769
-1.056656
-1.011627
-1.072038
-1.040513
-1.004864
-1.160801
-1.093828
-1.102401
-1.000247
-1.011449
-1.124051
-1.116873
-1.084362
-1.234058
-0.941942
-0.997934
-1.017057
-1.040664
-1.102656
-1.021343
-0.986668
-1.058363
-1.023937
-1.083583
-1.065501
-1.059749
-1.003658
-1.013677
-0.977524
-1.042904
-1.030302
-1.027648
-1.112380
-1.038747
-1.068749
-1.064380
-1.038547
-1.038178
-1.118431
-1.073475
-1.118505
-1.070839
-0.921225
-0.969156
-1.088243
-1.000224
-1.085790
-1.048584
-1.037346
-0.969950
-0.953441
-1.036112
-0.957245
-1.041035
-1.070619
-1.055737
-0.980736
-1.038653
-1.046371
-1.036526
-1.106192
-0.977767
-1.023310
-1.060847
-1.084154
-1.050212
-0.961827
-1.076395
-0.962282
-1.079350
-1.052848
-1.037688
-0.989594
-1.132796
-1.058706
-1.006037
-1.023452
-1.011920
-1.135433
-1.080657
-1.133744
-1.071913
-1.072907
-1.054253
-1.039710
-1.019348
-1.044255
-1.015492
-1.190734
-1.021117
-1.006577
-1.044904
-0.984836
-1.062687
-0.981551
-0.886821
-0.636073
-0.632542
-0.589264
-0.468001
-0.264713
-0.103433
-0.106585
0.070532
0.070163
0.241374
0.316265
0.453794
0.557743
0.664726
0.722555
0.784205
0.859171
1.100142
1.027383
1.046511
1.093924
1.181421
1.034935
0.992390
1.067849
0.964637
1.066733
1.056462
1.018540
1.118187
1.047919
0.985222
1.017927
1.053240
1.103728
1.016194
1.032315
1.088284
0.961029
1.024054
1.004155
1.058491
1.000253
1.090197
1.038588
1.097226
1.035365
0.967128
0.963152
0.839294
0.782861
0.637864
0.538719
0.401892
0.337726
0.220513
0.161754
-0.009879
-0.189061
-0.200756
-0.363148
-0.419404
-0.572685
-0.735145
-0.798535
-0.826515
-0.997442
-1.079370
-1.067407
-1.038985
-1.106951
-1.020350
-1.030827
-1.061782
-1.076296
-0.998726
-1.043180
-0.979041
-0.998508
-1.184629
-1.026959
-1.134634
-1.002933
-1.039964
-0.994720
-1.025769
-1.048290
-1.190593
-1.045619
-1.019582
-0.923555
-1.023391
-1.037969
-1.107780
-1.064558
-1.178573
-1.057197
-1.018269
-0.950377
-1.060191
-0.925138
-1.043649
-1.009588
-1.082133
-1.027456
-1.072797
-1.131958
-1.196037
-1.086678
-1.118070
-0.991429
-1.148210
-1.066523
-1.022880
-1.052744
-1.021345
-1.016395
-1.108824
-0.959509
-1.043061
-0.975580
-1.092654
-1.052960
-1.001876
-1.033922
-1.002746
-1.081334
-1.132630
-1.058898
-0.960509
-1.062332
-1.042450
-1.102246
-1.056259
-1.145001
-1.009374
-1.074990
-1.078270
-1.071985
-1.095123
-1.042203
-1.073145
-1.050942
-1.114541
-1.032807
-1.055114
-1.029689
-0.968998
-0.990406
-0.833710
-0.635126
-0.686199
-0.487190
-0.398288
-0.307954
-0.286776
-0.154271
0.005330
0.121942
0.158904
0.195684
0.374865
0.500729
0.673125
0.793393
0.842583
0.988830
1.044556
1.050091
1.033538
1.013293
1.046412
1.048031
1.069626
1.080342
1.020824
1.049615
1.023081
1.042486
1.015034
1.010046
1.006238
1.057456
1.094855
1.025533
1.020750
1.015491
1.034328
1.033802
1.043195
1.068988
1.034152
0.989134
1.059473
1.115268
1.002137
1.002838
1.065166
0.907421
0.794320
0.700532
0.629368
0.550216
0.468077
0.386003
0.350008
0.111223
0.000745
-0.045299
-0.254832
-0.279547
-0.405164
-0.482112
-0.579440
-0.703786
-0.832266
-0.968635
-0.982990
-1.056078
-1.022539
-1.124894
-1.079014
-1.103970
-1.043956
-1.016747
-0.948945
-0.930159
-1.044750
-1.151991
-1.019718
-1.115981
-0.989135
-1.047870
-1.037125
-1.034773
-1.097615
-0.994562
-1.059981
-1.018051
-1.019932
-1.008991
-1.121580
-1.040183
-0.955114
-0.980893
-1.048681
-1.066196
-1.078118
-0.997178
-1.037056
-1.091546
-1.107088
-1.075573
-1.083110
-1.088233
-0.992783
-0.947997
-1.054761
-1.033505
-0.969955
-1.056490
-0.921405
-1.036430
-1.021745
-1.067481
-1.001999
-1.095121
-1.038206
-1.059431
-0.987665
-1.033056
-1.127159
-1.082718
-1.127617
-1.131878
-1.064162
-1.040047
-1.085065
-1.034686
-1.101739
-1.168619
-1.076300
-1.048192
-1.036037
-1.097946
-1.081754
-0.990207
-1.082342
-1.018903
-0.959666
-0.991223
-1.056311
-1.063890
-1.082590
-1.039032
-1.038462
-1.011180
-1.104985
-1.081959
-1.107494
-1.048279
-1.058392
-1.130249
-1.061359
-1.070881
-1.110636
-1.129808
-0.963661
-0.993928
-1.124311
-1.059233
-1.126765
-1.028103
-1.096831
-1.062542
-1.100302
-1.045486
-1.068211
-1.113852
-1.031963
-1.114984
-1.049080
-1.032361
-1.177231
-0.976342
-1.033151
-1.089658
-1.048324
-1.014470
-1.051851
-0.957396
-1.019009
-1.086979
-1.130906
-1.135857
-0.986678
-0.940906
-1.081517
-1.036919
-1.044396
-1.028767
-0.971927
-0.994158
-1.135095
-0.955173
-1.123163
-0.993479
-1.011180
-0.946062
-0.845223
-0.680928
-0.681335
-0.654542
-0.474296
-0.460113
-0.206657
-0.191940
-0.103207
0.080998
0.210856
0.287496
0.480288
0.483540
0.605763
0.727407
0.867907
0.957894
1.040400
1.004649
1.040934
1.087766
1.014581
0.974095
1.108163
1.099361
0.984788
1.092445
0.942278
1.115343
1.049318
0.974129
1.077977
1.016822
1.080579
1.051029
1.121169
1.123921
1.031868
1.079932
1.054070
0.994081
1.065203
1.044574
1.037506
0.933799
0.967476
1.019386
1.047416
1.083694
0.954896
1.118335
1.077822
1.048033
1.125827
0.934149
1.106477
1.032147
1.005678
1.007522
0.949043
1.046836
1.006628
0.997167
1.162470
1.001971
1.029309
1.052282
1.077335
1.039209
0.974393
1.126694
0.964433
1.037220
1.085887
0.990789
1.121292
1.039714
1.097662
1.073772
1.023019
1.040751
1.073915
1.017214
1.149235
1.084593
1.081521
1.055873
1.133974
1.043381
1.031637
0.999450
0.983808
1.066940
1.150900
1.098123
1.031147
1.063537
0.945453
0.883058
0.847506
0.732167
0.692994
0.565099
0.444565
0.291226
0.294324
0.093526
0.008068
-0.126271
-0.187745
-0.299781
-0.471244
-0.502575
-0.640702
-0.794176
-0.859790
-0.940224
-1.040918
-1.041464
-1.124435
-1.149695
-1.049397
-1.031397
-1.089006
-1.074348
-1.005787
-1.196393
-1.032312
-1.036174
-1.017289
-1.083780
-1.063441
-1.160558
-1.025478
-1.121647
-1.084392
-1.030191
-1.093625
-1.110572
-1.098977
-1.015627
-1.046661
-1.126974
-1.137011
-1.060518
-1.105212
-1.049777
-1.014775
-0.986571
-1.055324
-1.092038
-1.086342
-1.091363
-1.002583
-1.017848
-1.060525
-1.038564
-1.018167
-1.013242
-1.099695
-1.095199
-1.047592
-0.955949
-1.061922
-1.099761
-1.031989
-0.928683
-1.173681
-1.037471
-1.049700
-1.053675
-0.982359
-1.000555
-1.052108
-1.110928
-1.143699
-1.007248
-0.945985
-1.041908
-1.083001
-1.004231
-1.060513
-1.064304
-1.051478
-0.935701
-1.088922
-1.069601
-1.029766
-1.058355
-1.021988
-1.112526
-1.032233
-1.069223
-1.063330
-1.086311
-1.065252
-0.989957
-1.026872
-0.955243
-0.807807
-0.781275
-0.575679
-0.539933
-0.399280
-0.326630
-0.216794
-0.078967
-0.071909
0.133982
0.264787
0.250498
0.459065
0.502915
0.618473
0.682761
0.881373
0.919830
1.060068
1.063480
0.920706
1.095565
1.092739
0.932645
1.014413
0.979180
1.029530
0.986414
1.049375
1.007021
1.081661
1.054979
1.069706
1.028919
1.030864
1.114302
1.063658
1.068685
1.062457
1.122441
1.013631
1.019948
1.099814
1.017907
1.043673
1.040801
1.056782
1.051248
1.011171
0.908442
0.776766
0.719327
0.621770
0.572339
0.488102
0.320345
0.280507
0.095171
-0.016098
-0.100538
-0.185770
-0.404413
-0.366909
-0.580214
-0.623953
-0.629811
-0.780674
-0.860683
-1.045720
-1.070260
-1.025910
-1.030885
-1.068013
-1.075771
-1.000592
-0.981139
-1.106979
-1.144100
-1.032230
-1.068267
-1.035171
-1.032752
-1.036219
-1.029086
-1.002831
-1.074325
-1.134981
-1.057966
-1.039506
-1.095495
-1.068702
-1.057170
-0.998332
-1.057702
-1.139497
-1.087397
-1.053076
-1.093240
-1.065647
-0.947007
-0.852825
-0.722108
-0.569020
-0.439374
-0.408497
-0.239355
-0.134394
-0.155402
0.047795
0.065238
0.269546
0.358096
0.364729
0.538732
0.588363
0.737624
0.816775
0.927604
1.017816
0.979067
1.032726
1.063459
1.053752
0.892361
0.989901
1.038128
1.024105
1.189525
1.064841
0.892586
0.958779
1.077240
1.053436
1.055429
1.005668
1.097793
1.120268
0.999775
0.981470
1.148745
1.079782
1.158664
1.013314
1.096623
1.082116
1.017622
1.110018
0.950293
1.116191
0.967824
1.058207
1.014846
1.009016
1.057696
1.076477
0.987895
1.046151
1.131944
1.069086
1.025143
1.068864
1.034925
1.083229
1.048502
1.064991
1.134134
1.056519
1.020360
1.019643
1.108679
1.028305
1.032325
1.056762
1.026278
1.054707
1.038868
1.030482
1.034781
1.065086
0.961035
1.054220
1.018299
1.126500
1.131413
0.990672
0.980698
1.119685
1.089569
1.111692
0.968762
1.143314
1.002314
1.091348
1.024341
1.050064
1.086367
1.090373
1.130100
1.116901
0.922044
0.870612
0.698446
0.643003
0.504193
0.421706
0.274491
0.287786
0.117225
-0.094450
-0.179592
-0.222693
-0.297192
-0.449243
-0.631850
-0.650318
-0.773511
-0.921854
-0.993120
-1.087726
-0.962291
-1.069279
-1.027163
-1.063242
-1.046937
-1.160563
-1.023945
-1.076196
-1.039915
-0.930499
-1.048438
-1.073450
-1.010993
-1.097519
-1.135283
-0.993363
-1.009846
-1.054823
-1.037968
-1.064965
-1.092312
-1.017080
-1.073081
-1.088850
-1.020752
-1.180664
-1.078864
-1.005133
-1.137071
-1.132581
-1.009893
-1.039440
-1.018617
-0.996791
-0.978679
-0.983918
-1.046008
-1.078831
-1.012826
-1.094801
-1.148246
-1.086132
-1.042016
-1.000319
-0.979807
-1.019593
-1.052629
-1.079796
-1.002396
-1.047455
-1.037183
-0.979757
-1.052198
-1.041589
-1.103546
-1.106565
-1.061311
-1.006087
-1.085693
-1.069573
-1.061138
-1.106112
-1.143345
-1.166172
-1.125124
-1.062815
-1.025921
-1.055924
-1.128988
-1.038190
-1.064642
-1.109282
-1.164790
-1.040938
-1.082324
-1.063521
-1.040686
-1.073672
-1.055914
-1.018837
-0.954294
-0.829852
-0.786273
-0.637266
-0.558943
-0.432504
-0.316912
-0.273147
-0.084954
0.023451
0.126764
0.316811
0.303091
0.386943
0.564312
0.628733
0.865270
0.778417
0.858528
0.974417
0.999946
0.967809
1.056756
0.997977
1.057501
0.970995
1.049780
0.976049
1.098573
0.927875
0.958854
1.017672
1.071481
1.099457
1.030678
1.003818
1.072996
1.041303
1.050331
1.003263
1.055746
1.072962
1.081966
1.074101
1.124619
1.055046
1.001970
0.970683
1.044064
1.096002
1.144396
1.094177
1.102014
1.057617
1.026149
1.009930
1.072359
1.057193
1.028072
1.087292
1.072827
1.085966
1.004657
1.103268
1.043709
0.976082
0.916368
1.106104
1.070633
1.041343
1.190126
1.027534
1.126880
1.077753
1.027089
1.037057
0.929253
1.081341
0.974810
1.070804
1.052892
1.063255
1.045037
1.054437
0.972253
0.967583
1.059550
1.031560
1.031022
0.977318
1.071177
1.056883
0.937694
1.051797
1.102983
1.055316
1.082040
1.037524
1.019295
1.072192
0.996729
1.045739
0.978707
1.039184
1.112461
1.087379
1.046792
1.006858
1.070239
0.985436
1.051850
1.033031
0.983929
1.039291
1.048178
1.030061
1.101665
1.073998
1.046583
1.055665
1.062090
1.075305
1.066087
1.034332
1.129307
1.043795
0.984710
1.008853
1.062479
1.085021
0.981508
1.049780
1.009920
1.062302
1.080268
1.072774
1.041216
1.108732
1.002738
0.961501
1.103236
1.052480
1.058543
0.984991
1.014485
1.027499
0.976306
1.006673
1.006989
1.024871
1.005378
0.889171
0.727904
0.615373
0.462159
0.387799
0.310724
0.192579
0.172722
0.111699
-0.187014
-0.257202
-0.318995
-0.427409
-0.473801
-0.584718
-0.663675
-0.758323
-0.940526
-1.121583
-1.066827
-0.967280
-1.030767
-0.976636
-1.103680
-0.994075
-0.961346
-1.076724
-1.091413
-1.109859
-1.117825
-1.153909
-1.007922
-1.114648
-1.025296
-1.127101
-1.111491
-1.099390
-1.056843
-1.077825
-1.084996
-1.009695
-1.143598
-1.036214
-1.065529
-1.069151
-1.152440
-1.149276
-1.036032
-1.080678
-1.013034
-0.873036
-0.777986
-0.561541
-0.431769
-0.427889
-0.349345
-0.183180
-0.144158
-0.032291
0.179698
0.153071
0.318001
0.459324
0.508041
0.622844
0.750373
0.890423
0.977859
1.007413
0.986702
1.030980
1.009421
1.078025
1.065655
1.014443
1.113384
1.043518
1.090940
1.034917
1.167255
1.083568
1.031012
1.070601
1.071410
1.159882
1.114468
0.960987
0.904598
1.068686
0.984781
1.035940
1.015268
1.007161
1.065670
1.072858
1.052047
1.123608
1.000688
1.077359
1.125049
1.026946
1.022287
1.047009
1.077842
1.075535
1.082507
1.103230
1.143058
1.056515
0.988898
1.079071
1.111606
1.007264
0.982158
0.956894
1.059994
0.985929
1.027439
1.073475
1.024352
1.073214
1.052463
1.058215
0.982429
1.024896
1.012863
1.058165
1.002036
1.040957
1.006225
1.065965
1.073931
1.043200
0.951321
1.065507
1.087445
1.078910
1.041830
1.054329
1.063915
1.072232
1.159210
1.008667
1.027631
1.078058
1.043020
1.049542
0.992439
1.017335
0.932101
0.830732
0.682224
0.663557
0.527971
0.461184
0.321658
0.215918
0.096148
0.008547
-0.114274
-0.077151
-0.263835
-0.400437
-0.432304
-0.606737
-0.752887
-0.779905
-0.955133
-1.010563
-1.030827
-1.083492
-1.015672
-0.995737
-1.058942
-1.031894
-1.072879
-1.079531
-1.079661
-0.940834
-1.089790
-1.055638
-0.975547
-1.102319
-1.052691
-1.003595
-0.935719
-1.139807
-1.061911
-1.020014
-1.112216
-1.047780
-1.098836
-1.039025
-0.964701
-1.030184
-1.005203
-0.991483
-1.093041
-1.101574
-0.948035
-0.778016
-0.743263
-0.712023
-0.531520
-0.479904
-0.332251
-0.254034
-0.046114
0.087390
0.139027
0.214446
0.360452
0.457471
0.454717
0.717903
0.733833
0.726331
0.866708
1.026579
1.180607
0.979466
1.036168
1.072045
1.057504
1.029187
1.076674
1.086589
1.020285
1.009922
1.065912
1.057625
1.026897
0.993970
1.099300
1.130929
1.108001
1.053419
0.919520
1.098500
0.969861
1.072901
1.090719
1.011332
0.966478
0.994684
1.091213
1.109331
0.939347
1.013755
