-0.143725
-0.110496
-0.241525
-0.147879
-0.237099
-0.243025
-0.267576
-0.410799
-0.452365
-0.564859
-0.510714
-0.636891
-0.632557
-0.656259
-0.884875
-0.797774
-0.939244
-0.869809
-1.021138
-1.000525
-0.980534
-0.991214
-1.003174
-1.014862
-1.006429
-1.079401
-0.978878
-1.012895
-1.013011
-0.934526
-1.060354
-0.964720
-1.004286
-0.951410
-1.027192
-0.975641
-0.984327
-0.991973
-0.977916
-1.012843
-0.950636
-0.955758
-0.971551
-1.060594
-1.070372
-1.026598
-0.937084
-1.082844
-1.023893
-0.968063
-0.976537
-1.009407
-0.997920
-0.947139
-0.995137
-1.004902
-0.980802
-1.017297
-0.922682
-1.015989
-0.976068
-0.889304
-1.019269
-1.014646
-0.988827
-1.007575
-1.035275
-0.972310
-1.021706
-1.007208
-1.070688
-0.991185
-0.940504
-0.971761
-1.021376
-1.045218
-1.040259
-0.903818
-1.003044
-0.963511
-1.028712
-0.923243
-0.904826
-0.994715
-1.074131
-1.022361
-1.027570
-0.969944
-0.995230
-0.945898
-0.935455
-0.995214
-0.979614
-1.032793
-1.030111
-1.042633
-1.012793
-1.036538
-0.942555
-0.929406
-0.969651
-0.998910
-1.046878
-0.926478
-0.985388
-0.957278
-0.982001
-1.007477
-1.095252
-0.951133
-0.967385
-0.977567
-0.923549
-1.022797
-0.917858
-0.948897
-1.024897
-0.888492
-0.969414
-1.045931
-1.060278
-0.994521
-0.993511
-0.938790
-1.023324
-0.971963
-0.940110
-1.042677
-0.936852
-1.039860
-1.042665
-1.023481
-0.955756
-0.964314
-0.914043
-1.003018
-1.090750
-1.070027
-0.982815
-0.939845
-0.995740
-0.939627
-0.974111
-0.963591
-1.029364
-0.936470
-0.985334
-1.020796
-1.035850
-0.951392
-0.946771
-0.954332
-1.015588
-1.010770
-0.938828
-1.009010
-0.978074
-1.018312
-1.045182
-1.014742
-1.069608
-1.015208
-1.040970
-0.934504
-0.989520
-1.041442
-1.009103
-1.040311
-1.053577
-0.994322
-1.023921
-0.997740
-0.969808
-1.057672
-1.020578
-1.083331
-1.025136
-0.979466
-0.906808
-1.104851
-0.947835
-0.943809
-0.977933
-0.981109
-1.022199
-1.003387
-0.931526
-1.050829
-0.972858
-1.044125
-1.047874
-0.964916
-0.915330
-0.968531
-0.934977
-0.976909
-1.086470
-0.951856
-0.989209
-1.055938
-0.823623
-0.842537
-0.675945
-0.620855
-0.486347
-0.393741
-0.278026
-0.197957
-0.198899
0.013747
-0.017161
0.260013
0.249048
0.333518
0.452764
0.620978
0.791806
0.828942
0.916198
0.925630
0.991311
0.959341
1.050286
0.976762
1.001885
0.970621
0.972023
1.017733
0.955769
1.019024
0.991332
0.964822
0.989774
0.910658
1.032355
0.980176
0.953445
0.950884
1.024395
0.952757
0.990950
1.032920
1.031819
1.077505
0.946890
1.000221
0.982312
1.055304
0.972748
0.948632
0.803901
0.752258
0.750289
0.589257
0.458605
0.326441
0.335767
0.080664
0.082071
0.039782
-0.200837
-0.180481
-0.210019
-0.395318
-0.488835
-0.676072
-0.701848
-0.794892
-0.908612
-0.910341
-1.013662
-1.107432
-0.997550
-1.074203
-1.051052
-1.045507
-0.953937
-1.064322
-1.035576
-1.032767
-1.025319
-0.962578
-1.060030
-1.005182
-0.921346
-0.956282
-1.033333
-1.120663
-0.974061
-0.927571
-1.058927
-1.058102
-0.994597
-0.949617
-1.044918
-1.101183
-1.006814
-1.029315
-0.930856
-0.928588
-1.015962
-0.916987
-0.960636
-1.083826
-1.026395
-0.989872
-1.032633
-0.985953
-1.044527
-0.940210
-0.957477
-0.951518
-1.122673
-0.989755
-0.938634
-0.924301
-0.969531
-1.013832
-0.886335
-1.055696
-1.023226
-1.093009
-0.991665
-0.981319
-0.965996
-1.038285
-1.066308
-0.974780
-0.882976
-0.976523
-1.090288
-1.000822
-1.128061
-1.057021
-0.944997
-1.031328
-0.963857
-1.029215
-1.083419
-1.037304
-1.035455
-0.946762
-1.080281
-0.987446
-1.013228
-0.990285
-1.018870
-0.987513
-1.041478
-1.049690
-1.011092
-1.006909
-0.983259
-1.022780
-0.973677
-1.018367
-0.981012
-0.960032
-0.975528
-0.993442
-1.038171
-1.030561
-0.949885
-1.033554
-1.022898
-1.001236
-0.983208
-0.977837
-0.929984
-1.048530
-0.996757
-1.092507
-0.898265
-1.106732
-0.875991
-0.993458
-1.003574
-0.964614
-0.999636
-1.006258
-1.017207
-1.059527
-0.997105
-0.920216
-0.983550
-0.957134
-0.997139
-1.032971
-1.036626
-0.994779
-0.905312
-0.987493
-1.053522
-1.083492
-1.021175
-1.042782
-1.022119
-1.087182
-1.068141
-1.031403
-0.864569
-0.835328
-0.674987
-0.698785
-0.511804
-0.417390
-0.284730
-0.174867
-0.136133
-0.055999
0.079476
0.198613
0.260478
0.368038
0.476879
0.616827
0.675849
0.796513
0.807646
0.979454
1.000385
0.997855
1.078306
1.048311
1.033614
0.887298
1.002150
0.977836
0.899337
1.038376
0.962879
0.915671
0.972329
1.000163
1.005635
0.958561
1.002691
1.063728
1.075463
0.897727
1.024177
1.024733
1.055320
1.028416
1.033936
1.011745
1.043487
1.000836
1.024375
0.977660
0.962974
1.014414
0.995220
1.014141
1.012551
0.967024
0.914717
0.951138
0.985546
1.019067
0.987700
1.026809
0.921683
0.890646
1.000801
1.082398
0.931616
1.008866
0.977195
1.015403
1.076138
1.004483
1.046574
0.991906
0.929177
0.943449
1.098716
0.939274
1.104203
1.008668
1.033317
0.983440
0.939702
0.927758
0.938149
1.072946
1.079801
1.054882
0.903026
1.000476
1.078819
0.949504
0.996346
1.045242
1.009566
0.952372
0.988702
1.010941
0.975796
0.942466
1.044630
1.003887
1.015944
0.964487
1.019264
0.983287
1.101210
1.030677
1.060717
1.045589
1.050235
1.045517
0.999413
1.012686
1.024201
1.029494
0.992696
0.991368
1.100423
1.020661
1.025616
0.906600
0.955442
1.052108
0.962476
0.940690
1.038741
1.001737
0.856208
0.988737
0.963035
1.055594
1.119332
1.016369
0.855847
0.943456
0.951009
0.998722
1.008312
1.002398
0.998379
1.028145
0.986195
0.967223
1.074030
0.895167
1.080145
1.007302
0.995373
0.941865
1.025933
1.018513
0.919209
1.033006
0.940688
1.031215
1.021909
1.013402
1.022413
0.915160
0.971035
0.990206
1.048313
1.041421
1.053233
1.068107
0.924742
0.959157
0.982700
1.041738
1.049988
0.999437
1.037575
1.041214
1.016194
1.058934
0.919349
1.015680
1.062005
1.010251
0.952647
0.847625
0.937615
1.045044
0.935276
1.018921
1.031641
1.042786
1.042098
0.971079
0.966763
1.035852
0.965915
1.015407
0.942192
1.068073
0.988510
0.985507
1.045362
0.996538
0.966751
0.972929
1.042782
1.020507
1.033436
0.924061
1.006362
1.025194
1.054860
0.989410
1.003381
1.040671
1.008550
0.925181
0.958205
0.953340
1.047697
1.031722
0.914180
0.922883
1.015024
0.946962
1.002544
1.021893
1.064567
0.878731
0.936508
0.961016
1.019103
0.915584
0.967400
1.072065
1.047480
1.100087
0.994246
0.884812
0.988659
1.002656
0.950652
1.025160
0.982302
0.986862
1.051618
0.956159
1.019482
0.976773
1.107895
1.029416
0.966233
0.890541
0.910634
1.000825
0.942204
0.957016
0.996895
1.035773
0.965216
1.010284
1.036580
1.027601
1.009623
1.062173
0.985247
1.008241
0.933650
1.051430
1.040613
1.006199
1.035220
0.951402
0.995041
1.058751
1.005868
1.008030
1.053697
1.037918
0.990308
1.035647
0.994358
0.994499
0.981673
0.997362
1.028882
0.945796
0.976214
0.991577
0.940618
0.914639
0.969721
0.979822
0.941530
0.985939
0.956377
1.073079
0.957572
0.986507
0.914255
1.065991
1.045172
0.970245
1.041425
1.139184
0.993288
0.967033
0.989875
1.069983
1.006975
1.006161
1.059194
0.986160
1.014327
0.984449
0.948498
0.943915
0.932100
1.087115
0.957497
1.053685
0.993396
1.001554
1.114255
0.972653
0.950671
0.967238
0.999241
0.948274
1.026160
0.988495
1.023594
0.948684
1.003695
0.956035
1.002592
0.893491
0.941264
1.045193
1.102629
0.995226
1.077802
1.001230
0.904417
0.959160
0.994788
0.998357
1.017057
1.094510
0.946799
1.091811
1.036228
0.996441
0.895578
0.751985
0.686431
0.591015
0.561383
0.375299
0.297990
0.207578
0.161051
0.014171
-0.221469
-0.189192
-0.226317
-0.427518
-0.425217
-0.638029
-0.702356
-0.791611
-0.937306
-1.043501
-1.112666
-0.979667
-0.945592
-1.040202
-0.880963
-0.960809
-0.957326
-0.858248
-0.939311
-1.049337
-1.101368
-1.030308
-1.047801
-1.112970
-1.001945
-0.965891
-1.025347
-0.993423
-1.049432
-1.050182
-0.963784
-1.143032
-1.101699
-1.040910
-1.105647
-0.989960
-1.092661
-0.985053
-0.996278
-0.999499
-1.049102
-1.061379
-0.962797
-0.875168
-1.014863
-1.012415
-1.039998
-1.030984
-0.979327
-1.039912
-1.023510
-0.994431
-0.909738
-1.032131
-0.992234
-1.085891
-1.031614
-1.031536
-1.011457
-0.895263
-0.996697
-0.921098
-1.021994
-0.989924
-0.970589
-1.108635
-0.959259
-1.079462
-0.954462
-1.042170
-1.031257
-0.983593
-0.960409
-1.039440
-1.038823
-0.997885
-0.988423
-0.961325
-1.058812
-0.922559
-1.041150
-0.985481
-1.007804
-1.060150
-0.987991
-1.008082
-0.981875
-1.031927
-0.969370
-0.910663
-1.042073
-0.987505
-0.990066
-0.931348
-0.989725
-1.019869
-1.061239
-1.114945
-1.032908
-0.970897
-1.027186
-0.906846
-0.975312
-0.921814
-1.065205
-0.999028
-1.018813
-1.037325
-1.001506
-1.019702
-0.971583
-0.958216
-1.007864
-1.041361
-1.034620
-0.943182
-0.931959
-0.958159
-1.011484
-0.978376
-0.940208
-0.948296
-0.976878
-1.012224
-1.023520
-1.071987
-0.997403
-1.026451
-1.044578
-1.043134
-1.011967
-0.991049
-1.005633
-0.927821
-0.957839
-1.007434
-1.065855
-0.887119
-1.046682
-1.057327
-1.073180
-1.064008
-0.854533
-0.949237
-1.018294
-0.896122
-0.968134
-0.954778
-0.930137
-1.019347
-0.945109
-1.032002
-0.970032
-0.928562
-0.949441
-1.013267
-0.966860
-1.009767
-1.052366
-1.007705
-0.917880
-0.991838
-1.034835
-0.986056
-1.025567
-1.073871
-0.987473
-1.056791
-0.961530
-0.979981
-0.975971
-1.040052
-1.020202
-1.086731
-0.906916
-1.070556
-0.909874
-0.919755
-0.929887
-0.917876
-0.985806
-1.067897
-1.125098
-1.086431
-1.032973
-1.044836
-0.974186
-0.990606
-0.945675
-0.913955
-1.004798
-0.963641
-1.012564
-1.057933
-0.963390
-0.951031
-0.950015
-1.012439
-1.068570
-1.138607
-1.051385
-0.998631
-0.940802
-1.001914
-1.025960
-1.047685
-0.983878
-0.999903
-1.032319
-1.064718
-0.959959
-1.030656
-0.878297
-1.111614
-0.951092
-1.115461
-1.003597
-0.982915
-1.035610
-0.921566
-0.978872
-0.976672
-1.004583
-1.028842
-0.995108
-0.943874
-0.896556
-1.033689
-1.075466
-0.929432
-1.032345
-1.075703
-1.039906
-0.993267
-0.963680
-0.919900
-0.918737
-1.001717
-0.904377
-1.061359
-0.935126
-0.807861
-0.719943
-0.561847
-0.577487
-0.457316
-0.318792
-0.248405
-0.115869
-0.030570
0.095789
0.199506
0.248996
0.411313
0.448735
0.708241
0.682765
0.842524
0.958967
1.052134
1.100265
1.016264
0.941203
0.975906
1.087639
1.039261
0.979167
1.011818
0.971121
1.116198
0.871268
1.065996
1.067286
1.090296
1.011195
0.996550
1.045054
0.990739
1.007303
1.001249
1.091847
0.934261
0.985027
0.964374
0.978210
1.024357
1.003668
1.057561
1.058361
1.071417
0.996057
1.017937
1.009677
1.002747
1.021755
1.034034
0.986764
0.958217
1.012366
0.991106
0.974215
1.023516
1.029943
1.061511
0.969065
1.023238
1.002517
0.981428
0.967752
1.068437
0.993796
0.913018
0.965644
0.937533
1.109061
0.951785
0.957266
1.095557
1.011811
1.083774
0.929514
0.963352
1.032715
1.014805
1.054867
1.013133
1.065390
0.984329
1.002282
1.043310
1.005620
0.994042
0.886521
1.007501
0.944484
0.923196
0.975600
1.010230
0.945763
0.990570
0.986054
1.011352
0.906197
1.035221
0.960115
0.974484
0.970305
0.971524
1.033523
0.993023
0.980111
0.961135
1.092474
1.030256
1.027109
1.038667
1.049333
1.057048
1.047327
0.955940
0.977826
1.012591
0.954117
1.021033
0.988369
1.016030
0.962889
0.990107
0.915107
1.022085
0.993153
1.023732
0.959358
0.994109
0.973467
1.021355
1.055507
1.024949
0.966987
1.011205
1.114203
0.937122
1.039354
1.022154
1.005476
0.988760
0.981622
0.944083
0.999997
0.978002
0.992362
0.955894
1.046989
1.010050
1.000174
0.922808
0.998951
1.058648
0.886895
1.092670
0.995553
1.081259
0.992381
0.943129
1.028195
1.000442
0.966686
1.035143
0.959353
0.968651
1.070338
0.929989
1.069040
1.083105
1.067405
0.975467
1.043362
0.971138
1.025352
1.022049
1.051680
1.097275
1.031805
0.984232
0.886571
1.033320
1.001364
1.018845
0.968288
0.976739
0.997789
1.026516
1.009012
0.988964
0.941424
1.035344
1.066085
1.032394
1.062646
0.912457
0.964234
0.903394
0.969903
1.035334
1.003915
1.110785
1.029924
0.945885
1.034990
0.979414
1.029009
0.986947
1.060335
1.043138
1.029696
1.033841
1.059886
0.936689
0.959329
0.989954
1.029361
1.081969
1.017938
1.015754
0.982944
0.924122
0.998702
1.010118
1.039870
0.951720
0.962189
1.001065
1.084099
1.098602
0.975830
1.016193
1.048456
0.959522
0.962585
0.949229
0.986898
1.010839
0.991437
0.975324
1.014019
1.046762
0.987019
0.975665
0.993070
1.018634
1.011673
0.984870
1.055813
1.036202
0.998217
1.031071
1.051504
1.065303
1.005766
1.011088
0.981505
1.038623
0.965024
0.951202
0.981796
0.939234
0.913878
1.023586
1.046486
1.015115
0.989448
0.981809
1.029483
0.896570
1.048105
0.988899
0.899683
0.907355
1.035061
0.923419
1.025137
0.984182
1.021214
1.003644
1.026426
1.036802
0.895904
0.905630
0.895347
1.074292
0.972336
1.039102
1.014098
1.010163
1.080773
0.879616
0.993640
0.991976
0.994777
1.071476
1.000157
0.960784
0.972785
1.033428
1.031512
1.017922
1.070154
1.026318
0.941693
0.990723
1.043353
0.814299
1.016289
0.972849
0.990435
1.055114
0.961875
1.087777
0.964562
1.001714
1.057611
0.947290
1.029317
0.951405
1.006811
1.008639
0.979288
0.911885
0.962795
1.081117
1.007732
0.981157
1.055443
0.849141
1.053391
0.977485
0.992058
0.993543
1.025456
0.953688
1.066639
0.879651
1.005409
0.942444
0.966397
0.987178
1.056565
0.985796
0.991396
0.979269
0.947555
0.955247
0.989930
1.006017
1.049762
1.031476
0.955165
1.032811
0.989799
0.967470
1.025467
1.018782
0.981072
1.094002
1.069843
1.096922
0.938374
0.933402
1.046764
0.993019
0.949754
1.049917
0.985145
1.038150
1.091775
0.992102
1.007656
1.024966
0.872977
0.935543
0.977721
1.065600
1.032549
0.914933
1.019544
0.945440
1.018785
0.999147
1.000378
0.937940
0.955436
1.021087
1.051595
1.004136
1.047827
1.037653
1.020427
0.944521
0.916811
0.914868
1.064409
1.016268
0.974888
1.025094
1.005626
1.031250
0.928999
1.076466
1.007378
0.952610
1.047225
1.136857
1.067523
1.020447
0.902430
0.933291
1.009043
1.068525
0.946093
0.992245
1.001080
1.020306
1.018060
0.967394
1.024842
1.013557
1.134329
1.036324
0.931767
0.997626
1.022642
0.955132
1.021224
1.149039
0.947148
1.030788
0.986609
1.058359
1.057869
1.015795
0.965353
1.049581
0.979000
0.930595
0.954763
1.012651
1.132580
0.977366
0.954061
1.058579
0.876900
0.808904
0.658240
0.586818
0.539197
0.311301
0.261325
0.255968
0.151748
0.080266
-0.141858
-0.307336
-0.185405
-0.398423
-0.559900
-0.592858
-0.677971
-0.713913
-0.825774
-1.040277
-1.017566
-1.000140
-0.985156
-0.974582
-0.995731
-1.018465
-1.053679
-0.969574
-0.980222
-0.966782
-1.003283
-1.093053
-1.043744
-0.938432
-0.989621
-1.023167
-0.985617
-1.124014
-1.008027
-1.023718
-1.013889
-1.024391
-1.133954
-0.968105
-0.882224
-1.095577
-1.033096
-1.025804
-0.940477
-1.016408
-0.950657
-0.769454
-0.695482
-0.592323
-0.477029
-0.368269
-0.310251
-0.154905
-0.060078
-0.084865
0.262142
0.181563
0.294479
0.383561
0.533267
0.587153
0.719309
0.791763
0.843841
0.950806
0.979420
1.084237
1.015082
1.055651
0.999211
1.019008
1.023357
1.030756
0.929679
0.964070
1.039140
1.096000
0.925196
0.991995
0.986987
1.044053
0.990561
1.092279
1.117593
0.995577
0.941617
1.006082
0.907625
0.948739
0.942627
1.063548
1.118460
0.934020
0.988141
1.031381
0.978787
1.000760
1.074445
1.038248
1.004315
1.013825
1.022136
1.033029
0.920811
1.015417
1.011777
0.981692
0.983540
1.035521
1.021522
0.978104
1.080269
0.965999
1.054084
0.985431
0.966317
0.973852
0.946593
0.964647
1.034156
0.945248
0.997848
1.014296
1.071108
1.098965
1.051654
0.961910
0.962717
0.910705
0.959820
1.040206
0.945472
1.004824
1.004528
0.906358
0.941462
1.026076
1.041044
1.021328
1.018703
1.031794
1.084051
0.988944
0.954587
1.057015
1.106140
1.117187
0.957423
0.977133
1.052139
0.940829
0.950440
0.975000
1.003437
1.001850
1.005182
0.915814
1.102535
1.063676
1.043465
1.034596
0.953721
1.113476
0.991010
1.019984
0.932535
1.000373
1.056937
1.090306
1.023731
0.950517
1.013766
1.064516
1.073049
1.023593
0.937431
1.024088
1.040904
1.039136
1.048045
1.004287
0.965930
0.955089
0.967267
1.021632
0.967794
1.013216
1.051344
0.974334
1.041707
1.035558
0.928021
1.020820
1.047975
0.984069
0.988229
1.087502
0.977839
0.950872
0.975481
0.989592
0.967625
1.050657
0.967660
0.966733
1.011334
0.945627
1.028607
1.024054
0.972525
1.035849
0.948974
1.074727
0.978227
0.992235
0.911980
0.960406
1.023269
1.059130
1.050064
1.033519
0.974311
1.044282
0.905840
1.034518
0.952869
1.081692
0.927136
0.993965
0.967251
0.884235
0.992277
0.921299
1.002748
1.028437
1.012185
1.040596
1.077413
1.039058
0.891597
1.056840
0.997061
1.074223
0.950944
1.002268
0.936674
1.058587
1.001208
1.081439
1.039707
0.980228
1.002884
0.984926
0.999585
0.917820
1.022278
0.910095
0.958278
1.027693
0.990668
0.943983
1.056590
0.915329
0.966715
1.060195
0.996610
1.037544
1.015458
1.002245
1.098931
1.014531
0.847920
0.965805
0.980663
0.971814
1.054080
0.972544
1.007714
1.000999
1.021646
1.056303
1.010227
1.145533
1.061857
0.958182
0.984392
0.996961
0.856327
1.000577
1.069772
1.020501
0.995820
1.145933
0.953006
0.969018
1.034407
1.064385
0.939019
0.896829
0.978607
0.991424
1.026259
1.017072
1.022634
1.043738
1.066928
1.047520
0.965467
0.966609
1.027311
0.977216
1.001635
1.101742
0.923625
1.049269
1.081471
0.959514
1.080110
0.932562
0.896627
0.950407
0.976996
1.041316
0.957004
0.919014
0.951016
1.023021
1.079313
0.937016
0.992120
0.994097
1.031286
1.004142
0.939268
1.049839
0.909926
1.007398
0.949744
1.007443
0.976191
0.987382
1.005188
0.977724
0.915754
0.970231
0.963569
1.055131
1.025091
0.987878
0.958110
1.061141
1.029750
0.867919
0.989172
0.941174
1.014029
0.973024
1.049947
0.970124
1.045826
0.999288
0.993818
0.927568
1.046148
1.046129
0.959973
0.963866
0.931194
0.999525
0.933779
0.997125
0.928481
1.031523
0.923342
1.002373
0.968845
1.035270
0.933017
0.929563
0.942148
1.039729
0.946903
1.058088
0.940370
0.909472
0.956695
1.016728
1.028224
1.029731
0.959006
0.922191
0.985343
0.927001
0.948524
1.059284
0.912279
0.773545
0.848480
0.645127
0.545861
0.415377
0.328460
0.210362
0.102922
-0.032289
-0.130412
-0.136581
-0.346831
-0.408619
-0.482780
-0.602302
-0.734893
-0.818342
-0.862282
-1.080908
-1.042726
-1.033138
-0.979436
-1.021951
-0.999414
-1.020463
-1.032371
-1.092433
-0.982600
-0.950777
-0.994985
-0.941754
-1.077838
-0.911233
-1.003394
-0.989165
-1.034645
-0.924979
-1.097327
-0.942487
-0.979687
-0.906087
-1.048174
-1.004532
-0.963084
-1.027567
-0.944365
-1.073362
-1.082780
-1.060213
-0.966175
-0.810602
-0.610212
-0.579447
-0.455410
-0.439169
-0.194023
-0.252807
0.049120
-0.043485
0.109496
0.240389
0.314724
0.322789
0.459680
0.644512
0.717199
0.805352
0.881454
0.991575
0.900774
0.981455
0.997487
1.055850
1.033926
0.960971
0.919103
0.979016
1.039749
1.051456
1.005366
0.921965
0.935479
1.091554
0.989737
0.966786
1.019966
0.972440
0.947905
0.945394
0.990697
1.004960
0.958313
1.074113
0.984669
0.991473
0.916550
1.052292
0.998013
1.024348
0.848980
0.741300
0.727493
0.500130
0.615293
0.484103
0.199854
0.149996
0.000513
0.008970
-0.113434
-0.155576
-0.270245
-0.443538
-0.459411
-0.573156
-0.692357
-0.891165
-0.944932
-0.993467
-1.143911
-1.023806
-0.994858
-1.072160
-0.997953
-1.032351
-0.952231
-0.882693
-0.990850
-1.070774
-1.101729
-1.103988
-0.982119
-0.871274
-1.069689
-0.941709
-1.044546
-1.037446
-0.895847
-1.028047
-0.976455
-0.877216
-0.975426
-0.909390
-0.988240
-0.998503
-1.047269
-0.983429
-1.013853
-1.139334
