-268435.437500
-671.088257
-1.677346
-0.003693
0.000616
0.000752
0.000877
0.001002
0.001128
0.001253
0.001378
0.001503
0.001629
0.001754
0.001879
0.002005
0.002130
0.002255
0.002381
0.002506
0.002506
0.002506
0.002506
0.002506
0.002506
0.002506
0.002506
0.002506
0.002506
0.002506
0.002506
0.002506
0.002506
0.002506
0.002506
0.002506
0.002506
0.002506
0.002506
0.002506
0.002506
0.002506
0.002506
0.002506
0.002506
0.002506
0.002506
0.002506
0.002506
0.002506
0.002256
0.002006
0.001755
0.001504
0.001254
0.001003
0.000753
0.000502
0.000251
0.000001
-0.000250
-0.000501
-0.000751
-0.001002
-0.001253
-0.001503
-0.001754
-0.002004
-0.002255
-0.002506
-0.002506
-0.002506
-0.002506
-0.002506
-0.002506
-0.002506
-0.002506
-0.002506
-0.002506
-0.002506
-0.002506
-0.002506
-0.002506
-0.002506
-0.002506
-0.002506
-0.002506
-0.002506
-0.002506
-0.002506
-0.002506
-0.002506
-0.002506
-0.002506
-0.002506
-0.002506
-0.002506
-0.002506
-0.002506
-0.002506
-0.002256
-0.002006
-0.001755
-0.001504
-0.001254
-0.001003
-0.000753
-0.000502
-0.000251
-0.000001
0.000250
0.000501
0.000751
0.001002
0.001253
0.001503
0.001754
0.002004
0.002255
0.002506
0.002506
0.002506
0.002506
0.002506
0.002506
0.002506
0.002506
0.002506
0.002506
0.002506
0.002506
0.002506
0.002506
0.002506
0.002506
0.002506
0.002506
0.002506
0.002506
0.002506
0.002506
0.002506
0.002506
0.002506
0.002506
0.002506
0.002506
0.002506
0.002506
0.002506
0.002506
0.002506
0.002506
0.002506
0.002506
0.002506
0.002506
0.002506
0.002506
0.002506
0.002506
0.002506
0.002506
0.002506
0.002506
0.002506
0.002506
0.002506
0.002506
0.002506
0.002506
0.002506
0.002506
0.002506
0.002506
0.002506
0.002506
0.002506
0.002506
0.002506
0.002506
0.002506
0.002506
0.002506
0.002506
0.002506
0.002506
0.002506
0.002506
0.002506
0.002506
0.002506
0.002506
0.002506
0.002506
0.002506
0.002506
0.002506
0.002506
0.002506
0.002506
0.002506
0.002506
0.002506
0.002506
0.002506
0.002506
0.002506
0.002506
0.002506
0.002506
0.002506
0.002506
0.002506
0.002506
0.002506
0.002506
0.002506
0.002506
0.002506
0.002506
0.002506
0.002506
0.002506
0.002506
0.002506
0.002506
0.002506
0.002506
0.002506
0.002506
0.002506
0.002506
0.002506
0.002506
0.002506
0.002506
0.002506
0.002506
0.002506
0.002506
0.002506
0.002506
0.002506
0.002506
0.002506
0.002506
0.002506
0.002506
0.002506
0.002506
0.002506
0.002506
0.002506
0.002506
0.002506
0.002506
0.002506
0.002506
0.002506
0.002506
0.002506
0.002506
0.002506
0.002506
0.002506
0.002506
0.002506
0.002506
0.002506
0.002506
0.002506
0.002506
0.002506
0.002506
0.002506
0.002506
0.002506
0.002506
0.002506
0.002506
0.002506
0.002506
0.002506
0.002506
0.002506
0.002506
0.002506
0.002506
0.002506
0.002506
0.002506
0.002506
0.002506
0.002506
0.002506
0.002506
0.002506
0.002506
0.002506
0.002506
0.002506
0.002506
0.002506
0.002506
0.002506
0.002506
0.002506
0.002506
0.002506
0.002506
0.002506
0.002506
0.002506
0.002506
0.002506
0.002506
0.002506
0.002506
0.002506
0.002506
0.002506
0.002506
0.002506
0.002506
0.002506
0.002506
0.002506
0.002506
0.002506
0.002506
0.002506
0.002506
0.002506
0.002506
0.002506
0.002506
0.002506
0.002506
0.002506
0.002506
0.002506
0.002506
0.002506
0.002506
0.002506
0.002506
0.002506
0.002506
0.002506
0.002506
0.002506
0.002506
0.002506
0.002506
0.002506
0.002506
0.002506
0.002506
0.002506
0.002506
0.002506
0.002506
0.002506
0.002506
0.002506
0.002506
0.002506
0.002506
0.002506
0.002506
0.002506
0.002506
0.002506
0.002506
0.002506
0.002506
0.002506
0.002506
0.002506
0.002506
0.002506
0.002506
0.002506
0.002506
0.002506
0.002506
0.002506
0.002506
0.002506
0.002506
0.002506
0.002506
0.002506
0.002506
0.002506
0.002506
0.002506
0.002506
0.002506
0.002506
0.002506
0.002506
0.002506
0.002506
0.002506
0.002506
0.002506
0.002506
0.002506
0.002506
0.002506
0.002506
0.002506
0.002506
0.002506
0.002506
0.002506
0.002506
0.002506
0.002506
0.002506
0.002506
0.002506
0.002506
0.002506
0.002506
0.002506
0.002506
0.002506
0.002506
0.002506
0.002506
0.002506
0.002506
0.002506
0.002506
0.002506
0.002506
0.002506
0.002506
0.002506
0.002506
0.002506
0.002506
0.002506
0.002506
0.002506
0.002506
0.002506
0.002256
0.002006
0.001755
0.001504
0.001254
0.001003
0.000753
0.000502
0.000251
0.000001
-0.000250
-0.000501
-0.000751
-0.001002
-0.001253
-0.001503
-0.001754
-0.002004
-0.002255
-0.002506
-0.002506
-0.002506
-0.002506
-0.002506
-0.002506
-0.002506
-0.002506
-0.002506
-0.002506
-0.002506
-0.002506
-0.002506
-0.002506
-0.002506
-0.002506
-0.002506
-0.002506
-0.002506
-0.002506
-0.002506
-0.002506
-0.002506
-0.002506
-0.002506
-0.002506
-0.002506
-0.002506
-0.002506
-0.002506
-0.002506
-0.002256
-0.002006
-0.001755
-0.001504
-0.001254
-0.001003
-0.000753
-0.000502
-0.000251
-0.000001
0.000250
0.000501
0.000751
0.001002
0.001253
0.001503
0.001754
0.002004
0.002255
0.002506
0.002506
0.002506
0.002506
0.002506
0.002506
0.002506
0.002506
0.002506
0.002506
0.002506
0.002506
0.002506
0.002506
0.002506
0.002506
0.002506
0.002506
0.002506
0.002506
0.002506
0.002506
0.002506
0.002506
0.002506
0.002506
0.002506
0.002506
0.002506
0.002506
0.002506
0.002256
0.002006
0.001755
0.001504
0.001254
0.001003
0.000753
0.000502
0.000251
0.000001
-0.000250
-0.000501
-0.000751
-0.001002
-0.001253
-0.001503
-0.001754
-0.002004
-0.002255
-0.002506
-0.002506
-0.002506
-0.002506
-0.002506
-0.002506
-0.002506
-0.002506
-0.002506
-0.002506
-0.002506
-0.002506
-0.002506
-0.002506
-0.002506
-0.002506
-0.002506
-0.002506
-0.002506
-0.002506
-0.002506
-0.002506
-0.002506
-0.002506
-0.002506
-0.002506
-0.002506
-0.002506
-0.002506
-0.002506
-0.002506
-0.002256
-0.002006
-0.001755
-0.001504
-0.001254
-0.001003
-0.000753
-0.000502
-0.000251
-0.000001
0.000250
0.000501
0.000751
0.001002
0.001253
0.001503
0.001754
0.002004
0.002255
0.002506
0.002506
0.002506
0.002506
0.002506
0.002506
0.002506
0.002506
0.002506
0.002506
0.002506
0.002506
0.002506
0.002506
0.002506
0.002506
0.002506
0.002506
0.002506
0.002506
0.002506
0.002506
0.002506
0.002506
0.002506
0.002506
0.002506
0.002506
0.002506
0.002506
0.002506
0.002256
0.002006
0.001755
0.001504
0.001254
0.001003
0.000753
0.000502
0.000251
0.000001
-0.000250
-0.000501
-0.000751
-0.001002
-0.001253
-0.001503
-0.001754
-0.002004
-0.002255
-0.002506
-0.002506
-0.002506
-0.002506
-0.002506
-0.002506
-0.002506
-0.002506
-0.002506
-0.002506
-0.002506
-0.002506
-0.002506
-0.002506
-0.002506
-0.002506
-0.002506
-0.002506
-0.002506
-0.002506
-0.002506
-0.002506
-0.002506
-0.002506
-0.002506
-0.002506
-0.002506
-0.002506
-0.002506
-0.002506
-0.002506
-0.002506
-0.002506
-0.002506
-0.002506
-0.002506
-0.002506
-0.002506
-0.002506
-0.002506
-0.002506
-0.002506
-0.002506
-0.002506
-0.002506
-0.002506
-0.002506
-0.002506
-0.002506
-0.002506
-0.002506
-0.002506
-0.002506
-0.002506
-0.002506
-0.002506
-0.002506
-0.002506
-0.002506
-0.002506
-0.002506
-0.002506
-0.002506
-0.002506
-0.002506
-0.002506
-0.002506
-0.002506
-0.002506
-0.002506
-0.002506
-0.002506
-0.002506
-0.002506
-0.002506
-0.002506
-0.002506
-0.002506
-0.002506
-0.002506
-0.002506
-0.002506
-0.002506
-0.002506
-0.002506
-0.002506
-0.002506
-0.002506
-0.002506
-0.002506
-0.002506
-0.002506
-0.002506
-0.002506
-0.002506
-0.002506
-0.002506
-0.002506
-0.002506
-0.002506
-0.002506
-0.002506
-0.002506
-0.002506
-0.002506
-0.002506
-0.002506
-0.002506
-0.002506
-0.002506
-0.002506
-0.002506
-0.002506
-0.002506
-0.002506
-0.002506
-0.002506
-0.002506
-0.002506
-0.002506
-0.002506
-0.002506
-0.002506
-0.002506
-0.002506
-0.002506
-0.002506
-0.002506
-0.002506
-0.002506
-0.002506
-0.002506
-0.002506
-0.002506
-0.002506
-0.002506
-0.002506
-0.002506
-0.002506
-0.002506
-0.002506
-0.002506
-0.002506
-0.002506
-0.002506
-0.002506
-0.002506
-0.002506
-0.002506
-0.002506
-0.002506
-0.002506
-0.002506
-0.002506
-0.002506
-0.002506
-0.002506
-0.002506
-0.002506
-0.002506
-0.002506
-0.002506
-0.002506
-0.002506
-0.002506
-0.002506
-0.002506
-0.002506
-0.002506
-0.002506
-0.002506
-0.002506
-0.002506
-0.002506
-0.002506
-0.002506
-0.002506
-0.002506
-0.002506
-0.002506
-0.002506
-0.002506
-0.002506
-0.002506
-0.002506
-0.002506
-0.002506
-0.002506
-0.002506
-0.002506
-0.002506
-0.002506
-0.002506
-0.002506
-0.002506
-0.002506
-0.002506
-0.002506
-0.002506
-0.002506
-0.002506
-0.002506
-0.002506
-0.002506
-0.002506
-0.002506
-0.002506
-0.002506
-0.002506
-0.002506
-0.002506
-0.002506
-0.002506
-0.002506
-0.002506
-0.002506
-0.002506
-0.002506
-0.002506
-0.002506
-0.002506
-0.002506
-0.002506
-0.002506
-0.002506
-0.002506
-0.002506
-0.002506
-0.002506
-0.002506
-0.002506
-0.002256
-0.002006
-0.001755
-0.001504
-0.001254
-0.001003
-0.000753
-0.000502
-0.000251
-0.000001
0.000250
0.000501
0.000751
0.001002
0.001253
0.001503
0.001754
0.002004
0.002255
0.002506
0.002506
0.002506
0.002506
0.002506
0.002506
0.002506
0.002506
0.002506
0.002506
0.002506
0.002506
0.002506
0.002506
0.002506
0.002506
0.002506
0.002506
0.002506
0.002506
0.002506
0.002506
0.002506
0.002506
0.002506
0.002506
0.002506
0.002506
0.002506
0.002506
0.002506
0.002506
0.002506
0.002506
0.002506
0.002506
0.002506
0.002506
0.002506
0.002506
0.002506
0.002506
0.002506
0.002506
0.002506
0.002506
0.002506
0.002506
0.002506
0.002506
0.002506
0.002506
0.002506
0.002506
0.002506
0.002506
0.002506
0.002506
0.002506
0.002506
0.002506
0.002506
0.002506
0.002506
0.002506
0.002506
0.002506
0.002506
0.002506
0.002506
0.002506
0.002506
0.002506
0.002506
0.002506
0.002506
0.002506
0.002506
0.002506
0.002506
0.002506
0.002256
0.002006
0.001755
0.001504
0.001254
0.001003
0.000753
0.000502
0.000251
0.000001
-0.000250
-0.000501
-0.000751
-0.001002
-0.001253
-0.001503
-0.001754
-0.002004
-0.002255
-0.002506
-0.002506
-0.002506
-0.002506
-0.002506
-0.002506
-0.002506
-0.002506
-0.002506
-0.002506
-0.002506
-0.002506
-0.002506
-0.002506
-0.002506
-0.002506
-0.002506
-0.002506
-0.002506
-0.002506
-0.002506
-0.002506
-0.002506
-0.002506
-0.002506
-0.002506
-0.002506
-0.002506
-0.002506
-0.002506
-0.002506
-0.002506
-0.002506
-0.002506
-0.002506
-0.002506
-0.002506
-0.002506
-0.002506
-0.002506
-0.002506
-0.002506
-0.002506
-0.002506
-0.002506
-0.002506
-0.002506
-0.002506
-0.002506
-0.002506
-0.002506
-0.002506
-0.002506
-0.002506
-0.002506
-0.002506
-0.002506
-0.002506
-0.002506
-0.002506
-0.002506
-0.002506
-0.002506
-0.002506
-0.002506
-0.002506
-0.002506
-0.002506
-0.002506
-0.002506
-0.002506
-0.002506
-0.002506
-0.002506
-0.002506
-0.002506
-0.002506
-0.002506
-0.002506
-0.002506
-0.002506
-0.002506
-0.002506
-0.002506
-0.002506
-0.002506
-0.002506
-0.002506
-0.002506
-0.002506
-0.002506
-0.002506
-0.002506
-0.002506
-0.002506
-0.002506
-0.002506
-0.002506
-0.002506
-0.002506
-0.002506
-0.002506
-0.002506
-0.002506
-0.002506
-0.002506
-0.002506
-0.002506
-0.002506
-0.002506
-0.002506
-0.002506
-0.002506
-0.002506
-0.002506
-0.002506
-0.002506
-0.002506
-0.002506
-0.002506
-0.002506
-0.002506
-0.002506
-0.002506
-0.002506
-0.002506
-0.002506
-0.002506
-0.002506
-0.002506
-0.002506
-0.002256
-0.002006
-0.001755
-0.001504
-0.001254
-0.001003
-0.000753
-0.000502
-0.000251
-0.000001
0.000250
0.000501
0.000751
0.001002
0.001253
0.001503
0.001754
0.002004
0.002255
0.002506
0.002506
0.002506
0.002506
0.002506
0.002506
0.002506
0.002506
0.002506
0.002506
0.002506
0.002506
0.002506
0.002506
0.002506
0.002506
0.002506
0.002506
0.002506
0.002506
0.002506
0.002506
0.002506
0.002506
0.002506
0.002506
0.002506
0.002506
0.002506
0.002506
0.002506
0.002506
0.002506
0.002506
0.002506
0.002506
0.002506
0.002506
0.002506
0.002506
0.002506
0.002506
0.002506
0.002506
0.002506
0.002506
0.002506
0.002506
0.002506
0.002506
0.002506
0.002506
0.002506
0.002506
0.002506
0.002506
0.002506
0.002506
0.002506
0.002506
0.002506
0.002506
0.002506
0.002506
0.002506
0.002506
0.002506
0.002506
0.002506
0.002506
0.002506
0.002506
0.002506
0.002506
0.002506
0.002506
0.002506
0.002506
0.002506
0.002506
0.002506
0.002256
0.002006
0.001755
0.001504
0.001254
0.001003
0.000753
0.000502
0.000251
0.000001
-0.000250
-0.000501
-0.000751
-0.001002
-0.001253
-0.001503
-0.001754
-0.002004
-0.002255
-0.002506
-0.002506
-0.002506
-0.002506
-0.002506
-0.002506
-0.002506
-0.002506
-0.002506
-0.002506
-0.002506
-0.002506
-0.002506
-0.002506
-0.002506
-0.002506
-0.002506
-0.002506
-0.002506
-0.002506
-0.002506
-0.002506
-0.002506
-0.002506
-0.002506
-0.002506
-0.002506
-0.002506
-0.002506
-0.002506
-0.002506
-0.002256
-0.002006
-0.001755
-0.001504
-0.001254
-0.001003
-0.000753
-0.000502
-0.000251
-0.000001
0.000250
0.000501
0.000751
0.001002
0.001253
0.001503
0.001754
0.002004
0.002255
0.002506
0.002506
0.002506
0.002506
0.002506
0.002506
0.002506
0.002506
0.002506
0.002506
0.002506
0.002506
0.002506
0.002506
0.002506
0.002506
0.002506
0.002506
0.002506
0.002506
0.002506
0.002506
0.002506
0.002506
0.002506
0.002506
0.002506
0.002506
0.002506
0.002506
0.002506
0.002256
0.002006
0.001755
0.001504
0.001254
0.001003
0.000753
0.000502
0.000251
0.000001
-0.000250
-0.000501
-0.000751
-0.001002
-0.001253
-0.001503
-0.001754
-0.002004
-0.002255
-0.002506
-0.002506
-0.002506
-0.002506
-0.002506
-0.002506
-0.002506
-0.002506
-0.002506
-0.002506
-0.002506
-0.002506
-0.002506
-0.002506
-0.002506
-0.002506
-0.002506
-0.002506
-0.002506
-0.002506
-0.002506
-0.002506
-0.002506
-0.002506
-0.002506
-0.002506
-0.002506
-0.002506
-0.002506
-0.002506
-0.002506
-0.002256
-0.002006
-0.001755
-0.001504
-0.001254
-0.001003
-0.000753
-0.000502
-0.000251
-0.000001
0.000250
0.000501
0.000751
0.001002
0.001253
0.001503
0.001754
0.002004
0.002255
0.002506
0.002506
0.002506
0.002506
0.002506
0.002506
0.002506
0.002506
0.002506
0.002506
0.002506
0.002506
0.002506
0.002506
0.002506
0.002506
0.002506
0.002506
0.002506
0.002506
0.002506
0.002506
0.002506
0.002506
0.002506
0.002506
0.002506
0.002506
0.002506
0.002506
0.002506
0.002506
0.002506
0.002506
0.002506
0.002506
0.002506
0.002506
0.002506
0.002506
0.002506
0.002506
0.002506
0.002506
0.002506
0.002506
0.002506
0.002506
0.002506
0.002506
0.002506
0.002506
0.002506
0.002506
0.002506
0.002506
0.002506
0.002506
0.002506
0.002506
0.002506
0.002506
0.002506
0.002506
0.002506
0.002506
0.002506
0.002506
0.002506
0.002506
0.002506
0.002506
0.002506
0.002506
0.002506
0.002506
0.002506
0.002506
0.002506
0.002506
0.002506
0.002506
0.002506
0.002506
0.002506
0.002506
0.002506
0.002506
0.002506
0.002506
0.002506
0.002506
0.002506
0.002506
0.002506
0.002506
0.002506
0.002506
0.002506
0.002506
0.002506
0.002506
0.002506
0.002506
0.002506
0.002506
0.002506
0.002506
0.002506
0.002506
0.002506
0.002506
0.002506
0.002506
0.002506
0.002506
0.002506
0.002506
0.002506
0.002506
0.002506
0.002506
0.002506
0.002506
0.002506
0.002506
0.002506
0.002506
0.002506
0.002506
0.002506
0.002256
0.002006
0.001755
0.001504
0.001254
0.001003
0.000753
0.000502
0.000251
0.000001
-0.000250
-0.000501
-0.000751
-0.001002
-0.001253
-0.001503
-0.001754
-0.002004
-0.002255
-0.002506
-0.002506
-0.002506
-0.002506
-0.002506
-0.002506
-0.002506
-0.002506
-0.002506
-0.002506
-0.002506
-0.002506
-0.002506
-0.002506
-0.002506
-0.002506
-0.002506
-0.002506
-0.002506
-0.002506
-0.002506
-0.002506
-0.002506
-0.002506
-0.002506
-0.002506
-0.002506
-0.002506
-0.002506
-0.002506
-0.002506
-0.002256
-0.002006
-0.001755
-0.001504
-0.001254
-0.001003
-0.000753
-0.000502
-0.000251
-0.000001
0.000250
0.000501
0.000751
0.001002
0.001253
0.001503
0.001754
0.002004
0.002255
0.002506
0.002506
0.002506
0.002506
0.002506
0.002506
0.002506
0.002506
0.002506
0.002506
0.002506
0.002506
0.002506
0.002506
0.002506
0.002506
0.002506
0.002506
0.002506
0.002506
0.002506
0.002506
0.002506
0.002506
0.002506
0.002506
0.002506
0.002506
0.002506
0.002506
0.002506
0.002506
0.002506
0.002506
0.002506
0.002506
0.002506
0.002506
0.002506
0.002506
0.002506
0.002506
0.002506
0.002506
0.002506
0.002506
0.002506
0.002506
0.002506
0.002506
0.002506
0.002506
0.002506
0.002506
0.002506
0.002506
0.002506
0.002506
0.002506
0.002506
0.002506
0.002506
0.002506
0.002506
0.002506
0.002506
0.002506
0.002506
0.002506
0.002506
0.002506
0.002506
0.002506
0.002506
0.002506
0.002506
0.002506
0.002506
0.002506
0.002506
0.002506
0.002506
0.002506
0.002506
0.002506
0.002506
0.002506
0.002506
0.002506
0.002506
0.002506
0.002506
0.002506
0.002506
0.002506
0.002506
0.002506
0.002506
0.002506
0.002506
0.002506
0.002506
0.002506
0.002506
0.002506
0.002506
0.002506
0.002506
0.002506
0.002506
0.002506
0.002506
0.002506
0.002506
0.002506
0.002506
0.002506
0.002506
0.002506
0.002506
0.002506
0.002506
0.002506
0.002506
0.002506
0.002506
0.002506
0.002506
0.002506
0.002506
0.002506
0.002506
0.002506
0.002506
0.002506
0.002506
0.002506
0.002506
0.002506
0.002506
0.002506
0.002506
0.002506
0.002506
0.002506
0.002506
0.002506
0.002506
0.002506
0.002506
0.002506
0.002506
0.002506
0.002506
0.002506
0.002506
0.002506
0.002506
0.002506
0.002506
0.002506
0.002506
0.002506
0.002506
0.002506
0.002506
0.002506
0.002506
0.002506
0.002506
0.002506
0.002506
0.002506
0.002506
0.002506
0.002506
0.002506
0.002506
0.002506
0.002506
0.002506
0.002506
0.002506
0.002506
0.002506
0.002506
0.002506
0.002506
0.002506
0.002506
0.002506
0.002506
0.002506
0.002506
0.002506
0.002506
0.002506
0.002506
0.002506
0.002506
0.002506
0.002506
0.002506
0.002506
0.002506
0.002506
0.002506
0.002506
0.002506
0.002506
0.002506
0.002506
0.002506
0.002506
0.002506
0.002506
0.002506
0.002506
0.002506
0.002506
0.002506
0.002506
0.002506
0.002506
0.002506
0.002506
0.002506
0.002506
0.002506
0.002506
0.002506
0.002506
0.002506
0.002506
0.002506
0.002506
0.002506
0.002506
0.002506
0.002506
0.002506
0.002506
0.002506
0.002506
0.002506
0.002506
0.002506
0.002506
0.002506
0.002506
0.002506
0.002506
0.002506
0.002506
0.002506
0.002506
0.002506
0.002506
0.002506
0.002506
0.002506
0.002506
0.002506
0.002506
0.002506
0.002506
0.002506
0.002506
0.002506
0.002506
0.002506
0.002506
0.002506
0.002506
0.002506
0.002506
0.002506
0.002506
0.002506
0.002506
0.002506
0.002506
0.002506
0.002506
0.002506
0.002506
0.002506
0.002506
0.002506
0.002506
0.002506
0.002506
0.002506
0.002506
0.002506
0.002506
0.002506
0.002506
0.002506
0.002506
0.002506
0.002506
0.002506
0.002506
0.002506
0.002506
0.002506
0.002506
0.002506
0.002506
0.002506
0.002506
0.002506
0.002506
0.002506
0.002506
0.002506
0.002506
0.002506
0.002506
0.002506
0.002506
0.002506
0.002506
0.002506
0.002506
0.002506
0.002506
0.002506
0.002506
0.002506
0.002256
0.002006
0.001755
0.001504
0.001254
0.001003
0.000753
0.000502
0.000251
0.000001
-0.000250
-0.000501
-0.000751
-0.001002
-0.001253
-0.001503
-0.001754
-0.002004
-0.002255
-0.002506
-0.002506
-0.002506
-0.002506
-0.002506
-0.002506
-0.002506
-0.002506
-0.002506
-0.002506
-0.002506
-0.002506
-0.002506
-0.002506
-0.002506
-0.002506
-0.002506
-0.002506
-0.002506
-0.002506
-0.002506
-0.002506
-0.002506
-0.002506
-0.002506
-0.002506
-0.002506
-0.002506
-0.002506
-0.002506
-0.002506
