-5368709.000000
-268435.468750
-13421.855469
-671.030701
-33.526138
-1.604332
0.019707
0.010186
0.020644
-0.038827
0.064844
-0.003649
0.049760
0.081229
-0.093314
0.037560
-0.044866
0.072948
-0.019990
0.048476
0.071890
0.062380
0.049945
0.037635
0.045453
-0.027129
0.069765
0.040593
0.039019
0.117425
-0.004482
0.085056
0.049967
0.101088
0.027862
0.075752
0.069461
0.061500
0.075159
0.040914
0.101410
0.099313
0.083415
-0.006423
-0.020694
0.022367
0.114034
-0.027142
0.024750
0.083175
0.072622
0.034224
0.038791
0.084801
0.034103
0.016803
0.035038
-0.005545
0.082041
-0.011887
0.018338
0.101613
-0.029189
-0.036106
-0.015632
-0.038357
-0.072193
-0.015919
-0.067502
-0.060584
-0.123717
-0.047371
0.007127
-0.021405
-0.072447
-0.098840
-0.095201
0.041422
-0.050973
-0.016060
-0.079515
0.022781
0.046314
-0.042400
-0.126251
-0.078673
-0.081504
-0.024019
-0.046431
0.001781
0.014634
-0.044483
-0.031839
-0.084385
-0.084331
-0.096850
-0.067636
-0.089919
0.002949
0.020741
-0.013614
-0.039590
-0.083858
0.039329
-0.008421
0.022301
0.004114
-0.017271
-0.101116
0.043811
0.039806
0.034424
0.093172
0.001862
0.107235
0.086465
0.014426
0.152229
0.083198
0.008228
-0.009867
0.054985
0.059238
0.114172
0.032385
0.079656
0.113873
0.013016
0.113799
0.015830
0.008127
0.026926
0.095590
0.090466
0.140481
0.054006
-0.038050
-0.021929
0.066089
0.113460
0.059933
0.113370
0.081557
0.090487
0.025160
0.114788
0.070405
0.032724
0.015786
0.099397
0.108199
0.101078
0.039466
0.041203
0.113232
0.046651
0.074258
0.035401
0.006588
0.035587
-0.017829
0.033900
0.010725
0.116032
0.066282
0.011872
0.041491
0.011764
-0.002988
0.055529
0.028856
0.053703
0.082878
-0.003528
0.029245
-0.031869
0.023271
0.071698
0.146777
-0.047512
0.099790
0.111180
0.077626
0.072772
0.031440
0.048185
0.120883
0.005215
0.077403
0.009745
0.002613
0.085214
0.138931
0.088416
0.119444
0.079063
-0.032517
0.096518
0.065617
-0.002657
0.126244
0.013775
0.074743
0.032883
0.065297
0.059524
0.074950
0.055790
-0.046110
0.061442
-0.064089
0.106809
0.004388
-0.016262
0.001951
0.071076
0.145360
0.086210
0.070509
-0.020845
0.040268
0.011354
0.100853
0.031805
0.053475
0.023295
0.023188
0.068892
0.009213
0.069485
0.044806
0.017062
0.040627
-0.037311
0.080489
0.034201
0.005155
0.001142
0.074452
0.006479
0.041274
0.084984
0.086068
0.131808
0.003480
0.050395
0.034831
0.107045
0.028100
0.000038
-0.046097
-0.000047
0.100287
0.044272
0.010819
-0.023018
0.084616
-0.065105
0.028816
0.091222
-0.046276
0.067205
0.143341
0.061849
0.064258
-0.022859
0.047009
0.057459
0.044261
0.141872
0.043431
-0.055260
0.049687
-0.021719
-0.002138
0.004386
0.096282
-0.009508
0.013949
0.017930
0.025578
0.088701
-0.005595
0.044538
0.130881
0.100262
0.021680
-0.069579
0.072460
0.126052
-0.002625
-0.008233
0.054991
0.103132
0.010239
-0.050671
0.040652
0.022717
0.120280
0.127426
0.040409
0.135034
0.096116
-0.029020
0.022154
0.061236
0.020429
0.065069
0.008727
0.110226
0.098034
0.103384
-0.067503
0.056870
0.114210
0.131410
0.087039
0.040520
0.165691
0.002589
0.026904
-0.041664
0.056252
0.071494
0.087578
0.016094
-0.015504
0.074445
0.170746
0.082015
-0.036187
0.047368
-0.075693
-0.010806
0.104463
0.023895
0.087338
0.025152
-0.032162
0.011087
0.015100
0.103993
-0.025081
0.061300
0.039837
0.061707
0.034215
0.064198
0.011731
0.000897
0.038953
0.045038
0.068993
0.030670
0.077857
0.035526
0.070764
0.093507
0.079148
0.060515
0.014855
0.020182
0.101124
0.021502
0.028177
0.050172
0.069301
0.075628
0.123797
0.007660
0.053626
-0.039826
0.149744
-0.049244
0.171546
0.065119
0.049682
0.087870
0.054758
0.046479
0.035117
-0.007771
0.052507
0.132409
0.073071
0.096520
0.057687
0.019913
0.014369
0.055940
0.147485
0.069881
-0.000028
-0.033494
0.027150
0.008575
0.028310
-0.035767
-0.019929
0.017601
0.086311
0.018987
0.075962
-0.044986
0.035947
0.034407
0.066990
0.078483
0.017792
-0.005110
0.029220
0.050074
0.012981
0.018687
0.027813
0.068218
0.029260
0.047976
-0.039955
0.027456
0.051758
0.050443
0.130828
0.104853
0.088856
-0.058259
0.049237
0.030298
-0.049148
0.085919
0.017175
-0.033470
0.020656
0.051196
0.058195
0.011470
0.053265
0.116391
0.131282
-0.045708
0.071892
0.078327
0.109236
0.083878
0.088130
0.066151
0.096795
0.055676
0.077159
0.031518
0.009550
0.054891
0.032964
0.045789
0.039841
-0.010984
-0.070832
-0.042404
-0.011574
0.018489
-0.016376
0.015990
-0.092517
-0.133980
-0.030898
0.050853
-0.100841
-0.036176
-0.069613
-0.038077
0.024235
-0.044305
-0.005641
-0.058376
-0.123742
-0.112738
0.043079
-0.108572
0.048774
-0.038894
-0.018628
-0.067491
-0.113673
-0.127925
-0.118248
0.017034
0.030653
0.006415
-0.146653
-0.056857
0.025976
-0.099197
-0.058614
-0.007688
-0.040818
-0.099669
-0.066281
-0.042373
-0.076323
-0.111350
-0.005937
-0.036410
-0.020876
-0.066557
-0.009064
-0.037166
0.084352
0.024895
0.056962
0.048437
0.057657
0.058400
0.017333
0.033553
0.050878
0.062038
0.030798
0.032908
0.147068
0.078015
0.079516
-0.039425
0.003471
0.102281
0.017591
-0.008431
0.088319
0.056153
-0.090984
0.034187
0.014744
0.106331
0.174649
0.075101
-0.090398
-0.011064
0.000456
0.048744
0.060749
0.055435
0.051151
0.080702
0.040230
0.019235
0.124992
-0.048584
0.127715
0.063688
0.048557
-0.005708
0.070647
0.062045
-0.042689
0.060871
-0.031268
0.049652
0.039391
0.025372
0.028682
-0.083406
-0.038135
-0.021701
0.032228
0.023033
0.029384
0.039576
-0.108279
-0.086257
-0.066613
-0.011593
-0.000591
-0.050593
-0.014954
-0.009534
-0.034282
0.007220
-0.130289
-0.040834
0.009964
-0.039251
-0.099315
-0.207341
-0.122752
-0.011094
-0.115279
-0.036843
-0.020201
-0.008224
-0.008313
-0.079336
-0.087204
-0.018508
-0.085010
-0.038843
-0.109750
0.012585
-0.060861
-0.067536
-0.008015
-0.053862
-0.080942
-0.071119
0.004226
-0.009281
0.007972
-0.095540
-0.013415
0.014524
0.050586
-0.008061
0.007978
0.051070
0.026104
-0.053513
-0.019471
-0.017634
0.081815
0.075812
-0.037030
-0.028968
0.063575
0.000141
0.052551
0.074521
0.118293
-0.065354
-0.016760
0.010178
0.069612
-0.030935
0.015853
0.122858
0.103623
0.155268
0.052010
-0.062587
0.035530
0.054432
0.003374
0.075328
0.036068
0.038665
0.103551
0.011337
0.070049
0.030276
0.159409
0.087387
0.020603
-0.058429
-0.047288
0.038461
-0.020873
-0.014028
0.021194
0.056832
-0.016942
0.019437
0.042552
0.029729
0.006109
0.052478
-0.027129
-0.013115
-0.092006
0.016830
0.006455
-0.033478
-0.011454
-0.099170
-0.059917
0.005755
-0.043845
-0.044162
0.001489
-0.012008
-0.060292
-0.017368
-0.056511
-0.058326
-0.071243
-0.056200
-0.023928
-0.105401
-0.079056
-0.062376
-0.112500
-0.140986
-0.087328
-0.074545
-0.112197
-0.069670
-0.097107
0.018224
-0.091517
-0.068069
-0.139149
0.009034
-0.004377
-0.079974
-0.012573
0.088555
-0.052284
-0.085581
-0.064404
0.016762
-0.042187
-0.045948
0.006896
-0.063495
-0.038848
-0.067493
-0.104877
-0.111329
-0.123466
0.030942
-0.090955
-0.000863
-0.056647
-0.051278
0.061691
-0.074262
-0.103042
-0.087914
-0.055154
-0.104483
-0.029064
-0.062958
-0.029554
-0.102793
-0.051445
-0.096537
-0.052235
-0.159121
-0.116692
-0.010641
0.052097
-0.052169
0.025193
-0.047511
-0.147958
-0.098238
-0.060124
-0.054649
-0.035675
0.042727
-0.101065
0.036758
-0.011934
-0.054156
-0.057130
-0.100871
-0.068613
-0.062416
0.008262
-0.074288
-0.055725
-0.045208
0.008790
-0.035390
-0.173239
-0.047854
0.021290
-0.076453
0.020960
-0.086981
-0.056705
-0.044447
-0.089528
-0.097978
-0.167565
-0.038046
0.002505
-0.090077
0.064534
-0.007583
-0.007705
0.091366
0.015258
-0.098574
-0.156297
-0.088123
-0.102207
-0.168081
-0.060349
-0.018909
-0.076292
-0.047238
-0.101794
-0.105271
-0.019048
-0.193985
-0.161398
-0.098980
-0.160596
-0.047989
-0.145061
-0.042306
-0.048394
-0.051919
-0.101698
-0.116464
-0.018620
0.073901
-0.061168
-0.065474
-0.093271
-0.085648
-0.033610
-0.091593
-0.078089
-0.048336
0.037845
-0.080239
-0.046246
-0.138204
-0.088524
-0.085962
-0.065755
0.051449
-0.044125
0.026696
-0.070660
-0.043457
-0.022762
-0.159773
-0.017247
-0.130324
-0.010978
-0.092719
-0.085893
-0.037888
-0.012303
-0.090055
-0.093325
-0.052551
-0.041051
-0.013378
-0.109481
0.021967
-0.090052
-0.039983
-0.059804
-0.113140
-0.043648
-0.060264
-0.034888
-0.083671
-0.023554
0.038159
-0.090165
-0.042013
-0.042167
0.016544
-0.038897
-0.071814
-0.114830
-0.170686
-0.091443
-0.025469
-0.078459
0.039231
-0.023350
0.027018
-0.113854
-0.054721
-0.071549
-0.090902
-0.056052
-0.072504
-0.025208
-0.009476
-0.058338
-0.094278
-0.089334
0.002351
0.018159
-0.007251
-0.061847
-0.031469
0.008218
0.002115
-0.026772
-0.063563
-0.076698
-0.125822
-0.053694
-0.079136
-0.098535
-0.098060
-0.066870
-0.044393
-0.057852
0.019286
-0.006875
-0.057778
-0.118744
0.056944
-0.093835
-0.112019
-0.123781
-0.110197
0.104957
0.026010
-0.041994
0.081778
0.020955
0.036270
0.066677
-0.016013
0.059090
-0.019048
0.044015
0.093639
0.080241
0.020745
0.069177
0.033692
-0.005681
0.042011
0.134221
0.064873
0.018409
0.064864
0.027676
-0.022487
0.061403
-0.003721
0.088284
0.074433
0.077751
0.013836
0.030490
-0.035207
0.141323
-0.013490
0.139451
0.137218
0.126974
0.138472
0.071117
-0.014342
-0.075815
-0.040222
0.015016
0.005915
0.076110
0.063199
0.107485
0.141420
0.052273
0.088972
0.041884
-0.005839
0.086318
0.103285
0.105149
0.042819
-0.016429
-0.089428
-0.005857
0.051076
0.111751
0.053674
0.026723
0.003651
0.066304
0.053412
0.020352
-0.013700
0.089356
0.023812
0.172894
-0.052970
0.096260
-0.060648
0.043371
0.069253
0.017853
0.129326
0.077594
0.077208
0.049278
0.023622
0.056073
0.108930
0.158890
0.024256
-0.024254
0.119355
0.023623
-0.024522
0.008868
0.057176
0.089179
0.134559
0.137991
0.055182
0.148382
-0.003940
0.009677
0.032622
0.016688
0.068987
-0.049037
-0.039768
-0.005781
-0.038694
-0.012804
-0.031211
-0.010772
-0.011033
-0.066556
-0.012015
-0.076866
0.074398
-0.048515
0.000098
0.013972
0.002832
0.050407
-0.031216
-0.110358
-0.079611
0.033659
-0.009056
-0.071285
-0.041747
-0.080966
0.062150
-0.175625
0.007215
0.017647
0.041178
-0.036747
-0.055288
-0.007711
-0.059647
-0.045680
-0.051035
0.039295
-0.113774
-0.070662
-0.089159
-0.076248
-0.029455
-0.047805
0.005171
0.008620
0.021848
-0.052851
-0.034706
-0.042058
-0.049356
-0.030713
-0.017502
-0.064111
-0.094989
-0.042384
-0.061013
-0.078836
-0.030426
-0.021579
0.010432
-0.080413
-0.030782
-0.049022
-0.071023
-0.085799
0.014147
-0.055496
-0.139757
-0.091344
-0.117034
0.053209
-0.095555
-0.097512
0.040682
-0.036155
0.031966
-0.118888
-0.092592
-0.021915
-0.036291
0.003052
-0.036715
0.013555
-0.064994
-0.050967
-0.009238
-0.044842
-0.058200
-0.166389
-0.050819
-0.108057
-0.132207
-0.081011
-0.043821
-0.106428
-0.064752
-0.067184
-0.042007
-0.145903
-0.022074
-0.090988
-0.080065
-0.083698
-0.082661
-0.020610
-0.058008
-0.072789
-0.092505
0.037849
-0.017852
-0.023784
-0.012522
-0.001293
0.006984
-0.002324
-0.094177
-0.076882
-0.041253
-0.097946
-0.033864
-0.063324
-0.037136
-0.088968
-0.064342
-0.138110
-0.034821
-0.058588
-0.029198
-0.092102
-0.060496
-0.079558
-0.032623
0.003876
-0.024857
-0.084256
-0.043007
0.062052
-0.109775
-0.016135
-0.028652
-0.045957
-0.063538
-0.071555
-0.109495
-0.055478
-0.074771
-0.056377
-0.086924
0.007643
-0.019568
-0.025805
-0.098483
-0.020973
0.047599
-0.115725
0.086884
0.004897
0.091504
0.011956
-0.036273
0.051381
0.033011
0.003337
0.075309
0.008118
0.019057
0.121291
-0.013947
0.118343
0.139022
0.124356
0.031685
0.094946
0.025885
0.076646
0.075881
0.105474
0.152548
0.089432
0.038704
-0.061493
0.080246
0.055376
0.071614
0.021868
0.027832
0.049181
0.078975
0.062961
0.042112
-0.006470
0.085020
0.120336
0.088411
0.117067
-0.031689
0.012650
-0.045974
0.017604
0.086214
0.058226
0.163696
0.088109
0.000291
0.085004
0.033665
0.080692
0.040982
0.112384
0.098757
0.084633
0.088073
0.114290
-0.007596
0.008949
0.040402
0.081381
0.136039
0.074740
0.069491
0.036418
-0.024057
0.047499
0.062493
0.092994
0.006370
0.012508
0.051691
0.136683
0.155436
0.033602
0.067873
0.101850
0.014614
0.013316
-0.000105
0.036893
0.062684
0.044571
0.027553
0.065396
0.100032
0.042021
0.027766
0.044459
0.070857
0.060216
0.027881
0.092207
0.070812
0.026757
0.052409
0.069124
0.078759
0.014704
0.011823
-0.022904
0.027478
-0.048603
-0.071228
-0.046766
-0.093104
-0.125777
-0.022703
0.000351
-0.034868
-0.062295
-0.071306
-0.024082
-0.154634
-0.009626
-0.061582
-0.153396
-0.150315
-0.022455
-0.127704
-0.031248
-0.067380
-0.032155
-0.047964
-0.025972
-0.014497
-0.154821
-0.152111
-0.162259
0.016179
-0.076855
-0.014740
-0.036639
-0.041669
0.028689
-0.168949
-0.064807
-0.061264
-0.058287
0.018561
-0.043915
-0.081412
-0.066285
0.000114
0.006518
-0.001752
0.055066
0.019071
-0.062353
-0.012394
0.047733
-0.173314
0.022623
-0.006020
0.015134
0.085870
0.001169
0.127836
0.015954
0.052512
0.110237
0.002802
0.079457
0.005378
0.057080
0.061493
0.032363
-0.036497
0.010971
0.131665
0.064315
0.034373
0.107162
-0.095501
0.098616
0.032416
0.043679
0.045727
0.077743
0.007575
0.117018
-0.064498
0.052184
-0.004947
0.016149
0.037986
0.108464
0.041219
0.043457
0.031441
-0.005873
-0.005047
0.024678
0.037251
0.076624
0.055307
-0.027069
0.041457
-0.003128
-0.032687
0.018833
0.009723
-0.033442
0.072330
0.048459
0.069345
-0.093159
-0.111256
-0.003799
-0.057171
-0.103105
-0.005238
-0.065117
-0.015106
0.041020
-0.055847
-0.045136
-0.027290
-0.178388
-0.123377
-0.078448
0.011678
-0.016867
-0.135910
-0.037251
-0.106423
-0.036536
-0.052680
-0.052256
-0.114672
-0.100297
-0.033928
-0.000102
-0.045869
-0.004467
-0.012571
-0.030201
-0.106989
-0.138539
-0.142059
0.012306
-0.023117
-0.061268
-0.007969
-0.019773
0.010261
-0.085488
0.062192
0.005488
-0.047116
0.049869
0.149351
0.089991
0.044947
-0.070322
-0.040225
0.042032
0.110627
-0.003376
0.042076
0.053184
0.072965
0.071708
0.020980
0.075891
0.067351
0.187697
0.095709
-0.013448
0.046954
0.074990
0.008882
0.071668
0.202622
0.007279
0.081152
0.040667
0.110393
0.113388
0.071464
0.018926
0.100528
0.034027
-0.017703
0.003878
0.062845
0.185722
0.036652
0.005894
0.108874
0.032344
0.060522
0.011266
0.037382
0.091066
-0.034146
0.009618
0.106449
0.107071
0.135619
0.014923
-0.056590
0.161766
0.059665
-0.006917
0.056796
0.074869
0.139831
0.131217
0.016284
0.033248
0.051523
0.067420
0.078789
0.058209
0.034445
-0.001956
0.080328
0.073794
0.086907
0.051063
-0.040499
0.004231
0.111780
0.065968
0.030131
0.065889
-0.070719
0.038437
0.028204
0.037522
0.027485
-0.082580
0.077766
0.171664
-0.036994
0.015054
0.024949
0.110770
0.039130
0.001299
0.080611
0.058549
0.060604
0.076001
0.085531
0.044025
0.097297
0.094787
-0.030125
0.210636
0.042095
0.046584
0.035891
0.085061
0.041406
0.071380
0.045332
-0.003892
0.000612
0.029450
0.135709
0.071867
0.109244
0.054673
0.071741
0.076944
0.084603
-0.016091
0.013265
0.089803
0.150491
-0.017279
0.041131
0.039044
0.096005
0.045361
0.144547
0.174820
0.054318
-0.005667
0.055799
-0.039585
-0.003240
-0.007535
0.113171
0.174119
-0.007274
0.037777
0.083269
0.027950
0.042158
0.111553
0.073825
0.033007
0.035475
0.038910
0.044975
-0.071941
0.011820
0.007368
-0.027939
-0.032857
0.013878
-0.002784
-0.052036
0.042667
-0.071868
0.005490
-0.064294
-0.086897
-0.080492
-0.107432
-0.090724
-0.020381
-0.105771
-0.057440
-0.038576
0.019179
0.049924
0.004150
-0.087883
-0.091677
-0.143879
-0.097374
-0.014663
-0.105261
-0.050439
-0.047994
-0.146042
-0.115840
-0.029716
-0.010442
-0.029194
-0.032757
-0.019844
0.033059
-0.059403
-0.098383
0.002096
0.061245
0.080249
-0.073564
-0.056545
0.024312
-0.077956
-0.068458
-0.038423
-0.003485
0.001675
0.010266
-0.073673
0.113852
0.089369
0.072933
0.068242
-0.007866
0.153082
0.043664
0.072167
-0.013856
0.049680
0.109421
0.145777
0.081020
0.004568
0.063995
0.117716
0.128935
0.080039
-0.008567
0.073660
0.094587
0.093865
0.102738
0.059424
0.018901
0.006034
0.017569
0.072511
0.021420
0.064287
0.104559
0.029562
0.093185
0.090217
-0.017468
0.069946
0.101472
0.039143
0.040186
0.139511
0.034815
0.002612
0.025612
0.040872
0.019668
0.101640
0.022742
0.017870
0.062227
-0.001262
0.078543
0.077981
0.026424
0.087171
0.003332
0.124894
0.034471
0.043959
-0.035822
0.008614
0.073700
0.112815
0.105705
0.088804
0.028751
0.095720
-0.039375
0.082549
0.006996
0.132042
-0.016262
0.043152
0.019408
-0.064795
0.039037
-0.026749
0.051411
0.081007
0.066235
0.093908
0.132108
0.095664
-0.053620
0.104159
0.052269
0.126836
0.007286
0.052632
-0.010694
0.108052
0.056610
0.134270
0.096420
0.035049
0.054636
0.037658
0.051468
-0.029607
0.070798
-0.036365
0.006460
0.078016
0.044569
-0.003789
0.106401
-0.029351
0.015248
0.110957
0.052158
0.090151
0.069966
0.055743
0.151718
0.072117
-0.098474
0.010882
0.031207
0.023374
0.105249
0.027807
0.059105
0.053954
0.074344
0.110020
0.065728
0.198819
0.121798
0.014272
0.035105
0.048716
-0.091237
0.046015
0.122073
0.076605
0.049650
0.198416
0.012927
0.019664
0.085391
0.118654
-0.005048
-0.053424
0.025936
0.042721
0.078395
0.070992
0.076183
0.097547
0.121806
0.103611
0.020648
0.017641
0.078193
0.031125
0.053191
0.154402
-0.018655
0.098337
0.136388
0.016333
0.130927
-0.010892
-0.053917
-0.002289
0.026881
0.092660
0.011637
-0.030404
-0.000505
0.072996
0.132963
-0.006336
0.041803
0.046188
0.083596
0.058322
-0.007816
0.099448
-0.035101
0.055643
0.002526
0.057569
0.029069
0.038835
0.057129
0.030580
-0.032716
0.018595
0.014498
0.105856
0.080384
0.041897
0.010205
0.111652
0.085333
-0.077814
0.035282
-0.007062
0.063675
0.026208
0.101258
0.025186
0.097085
0.054142
0.046525
-0.020106
0.095142
0.100886
0.015017
0.014617
-0.018075
0.048621
-0.013790
0.046436
-0.019197
0.080563
-0.022630
0.051241
0.021407
0.086341
-0.012666
-0.021070
-0.008906
0.089284
0.001368
0.108156
-0.004223
-0.040739
0.004658
0.066961
0.081572
0.083810
0.013196
-0.027149
0.033985
-0.021300
-0.002541
0.109157
0.067737
0.026932
0.199827
0.105118
0.101117
0.070433
0.081982
0.064461
0.056145
0.020518
0.020614
0.114450
0.008892
0.041826
0.069311
0.051164
0.017665
0.032541
0.089345
-0.026441
0.005952
0.017160
0.071422
0.031620
0.052167
0.032146
0.019237
-0.041471
0.065327
0.102489
0.060139
0.111253
-0.022275
0.137653
0.053489
0.063510
0.018531
0.125947
-0.041030
0.105462
0.075586
0.147692
0.009210
0.045929
0.089212
0.026894
0.106979
-0.018013
-0.033681
-0.011897
-0.016770
0.038560
0.141716
0.077639
0.098472
0.015755
0.156765
0.005032
0.199372
0.016484
0.060320
0.093405
0.069394
-0.023742
0.008493
0.094937
0.071946
0.058949
0.034401
0.043295
-0.047061
0.029102
0.048942
0.108297
0.089341
0.015439
-0.030125
0.027510
0.091124
0.106013
0.060667
-0.025001
-0.015771
0.140766
0.046775
0.019124
0.070923
0.025986
-0.000796
-0.004645
0.040465
0.056984
0.011162
0.124672
0.040902
0.043518
-0.031274
0.100729
0.053049
0.077001
-0.002170
-0.018808
0.061553
-0.066793
0.136953
0.110950
-0.079598
-0.043984
-0.096686
0.004136
-0.018227
0.033513
0.016431
-0.062716
0.012454
-0.002533
-0.027484
-0.132539
-0.096559
-0.048295
-0.196326
-0.083622
-0.049039
-0.124612
-0.054183
-0.085060
-0.006484
0.066982
-0.037501
-0.122649
-0.157862
-0.161881
-0.040213
0.076715
-0.115853
0.002499
-0.094422
-0.092167
0.049544
-0.075570
-0.030234
0.071273
-0.021863
0.039517
-0.036265
-0.050317
-0.099785
-0.038419
-0.065774
-0.192623
