-5368709.000000
-268435.375000
-13421.709961
-670.833374
-33.278767
-1.306963
0.367075
0.407554
0.468012
0.458541
0.612213
0.593720
0.697129
0.778597
0.654055
0.834929
0.802503
0.970316
0.927378
1.045844
1.071758
1.062374
1.049945
1.037635
1.045453
0.972871
1.069765
1.040593
1.039019
1.117425
0.995518
1.085056
1.049967
1.101088
1.027862
1.075752
1.069461
1.061500
1.075159
1.040914
1.101410
1.099313
1.083414
0.993577
0.979306
1.022367
1.114034
0.972858
1.024750
1.083175
0.977622
0.839474
0.744053
0.690064
0.539367
0.422066
0.340301
0.199718
0.187304
-0.006624
-0.076399
-0.093124
-0.323926
-0.430843
-0.510369
-0.633094
-0.766930
-0.810656
-0.962239
-1.055320
-1.123454
-1.047358
-0.992872
-1.021405
-1.072447
-1.098840
-1.095201
-0.958578
-1.050973
-1.016060
-1.079515
-0.977219
-0.953686
-1.042400
-1.126251
-1.078673
-1.081504
-1.024019
-1.046431
-0.998219
-0.985366
-1.044483
-1.031839
-1.084385
-1.084330
-1.096850
-1.067636
-1.089919
-0.997051
-0.979259
-0.918614
-0.844840
-0.789120
-0.565934
-0.513685
-0.382962
-0.301149
-0.222534
-0.206379
0.038548
0.134542
0.229160
0.387909
0.396598
0.601972
0.681202
0.709163
0.946966
0.977934
1.002965
0.989870
1.054972
1.059238
1.114172
1.032385
1.079656
1.113873
1.013016
1.113799
1.015830
1.008127
1.026926
1.095590
1.090466
1.140481
1.054006
0.961950
0.978071
1.066089
1.113460
1.059933
1.113370
1.081557
1.090487
1.025160
1.114788
1.070405
1.032724
1.015786
1.099397
1.108199
1.101078
1.039466
1.041203
1.113232
1.046651
1.074258
1.035401
1.006588
1.035587
0.982171
1.033900
1.010725
1.116032
1.066282
1.011872
1.041491
1.011764
0.997012
1.055529
1.028856
1.053703
1.082878
0.996472
1.029245
0.968131
1.023271
1.071698
1.146777
0.952488
1.099790
1.111180
1.077626
1.072772
1.031440
1.048185
1.120883
1.005216
1.077403
1.009745
1.002613
1.085214
1.138931
1.088416
1.119444
1.079064
0.967483
1.096518
1.065617
0.997342
1.126244
1.013775
1.074743
1.032883
1.065297
1.059524
1.074950
1.055790
0.953890
1.061442
0.935911
1.106809
1.004388
0.983738
1.001951
1.071076
1.145360
1.086210
1.070509
0.979155
1.040268
1.011354
1.100853
1.031805
1.053475
1.023295
1.023188
1.068892
1.009213
1.069485
1.044806
1.017062
1.040627
0.962689
1.080489
1.034201
1.005155
1.001142
1.074452
1.006479
1.041274
1.084984
1.086068
1.131808
1.003480
1.050395
1.034831
1.107045
1.028100
1.000037
0.953903
0.999953
1.100287
1.044272
1.010819
0.976982
1.084616
0.934895
1.028816
1.091222
0.953724
1.067205
1.143341
1.061849
1.064258
0.977141
1.047009
1.057459
1.044261
1.141872
1.043431
0.944740
1.049687
0.978281
0.997862
1.004386
1.096282
0.990493
1.013949
1.017931
1.025578
1.088701
0.994405
1.044538
1.130881
1.100262
1.021680
0.930421
1.072460
1.126052
0.997376
0.991767
1.054991
1.103132
1.010239
0.949329
1.040652
1.022717
1.120280
1.127426
1.040409
1.135034
1.096116
0.970980
1.022154
1.061236
1.020429
1.065069
1.008727
1.110226
1.098034
1.103384
0.932497
1.056870
1.114210
1.131410
1.087039
1.040520
1.165691
1.002589
1.026904
0.958336
1.056252
1.071494
1.087578
1.016094
0.984496
1.074445
1.170746
1.082015
0.963813
1.047368
0.924307
0.989194
1.104463
1.023895
1.087338
1.025151
0.967838
1.011087
1.015100
1.103993
0.974919
1.061300
1.039837
1.061707
1.034215
1.064198
1.011731
1.000897
1.038953
1.045038
1.068993
1.030669
1.077857
1.035526
1.070764
1.093507
1.079148
1.060515
1.014855
1.020182
1.101124
1.021502
1.028177
1.050172
1.069301
1.075628
1.123797
1.007660
1.053626
0.960174
1.149744
0.950756
1.171546
1.065120
1.049682
1.087870
1.054758
1.046479
1.035117
0.992229
1.052507
1.132409
1.073071
1.096519
1.057687
1.019913
1.014369
1.055940
1.147485
1.069881
0.999972
0.966506
1.027150
1.008575
1.028310
0.964233
0.980071
1.017601
1.086311
1.018987
1.075962
0.955014
1.035947
1.034407
1.066990
1.078483
1.017792
0.994890
1.029220
1.050074
1.012981
1.018687
1.027813
1.068218
1.029260
1.047976
0.960045
1.027456
1.051758
1.050443
1.130828
1.104853
1.088856
0.941741
1.049237
1.030298
0.950852
1.085919
1.017174
0.966530
1.020656
1.051196
1.058195
1.011470
1.053264
1.116391
1.131282
0.954292
1.071892
1.078327
1.109236
1.083878
1.088130
1.066151
1.096795
1.055676
1.077159
1.031518
0.914550
0.860141
0.738227
0.651052
0.545104
0.394279
0.234431
0.162859
0.093689
0.023752
-0.111112
-0.178747
-0.387254
-0.528717
-0.525635
-0.543884
-0.795578
-0.830913
-0.964350
-1.032814
-0.975502
-1.044292
-1.005640
-1.058376
-1.123742
-1.112738
-0.956921
-1.108572
-0.951226
-1.038894
-1.018628
-1.067491
-1.113673
-1.127925
-1.118248
-0.982966
-0.969347
-0.993585
-1.146653
-1.056857
-0.974024
-1.099197
-1.058614
-1.007688
-1.040818
-1.099669
-1.066281
-1.042373
-1.076323
-1.111350
-0.910937
-0.841660
-0.726138
-0.671820
-0.514327
-0.442430
-0.220911
-0.180368
-0.048301
0.043174
0.152394
0.253136
0.312070
0.428290
0.545615
0.656775
0.725535
0.827645
1.041805
1.072752
1.079253
0.960562
1.003470
1.102281
1.017591
0.991569
1.088319
1.056153
0.909016
1.034187
1.014744
1.106331
1.174649
1.075101
0.909602
0.988936
1.000456
1.048744
1.060749
1.055435
1.051151
1.080702
1.040230
1.019235
1.124992
0.951416
1.127715
1.063688
1.048558
0.994292
0.975647
0.867295
0.662574
0.666134
0.473995
0.454915
0.344655
0.230635
0.133945
-0.078143
-0.132872
-0.216438
-0.262509
-0.371704
-0.465353
-0.555161
-0.803016
-0.880994
-0.961350
-1.006330
-1.000328
-1.050579
-1.014954
-1.009534
-1.034282
-0.992780
-1.130289
-1.040834
-0.990036
-1.039251
-1.099315
-1.207341
-1.122752
-1.011094
-1.115279
-1.036843
-1.020201
-1.008224
-1.008313
-1.079336
-1.087204
-1.018508
-1.085010
-1.038843
-1.109750
-0.987415
-1.060861
-1.067536
-1.008015
-1.053862
-0.985942
-0.876369
-0.701037
-0.614545
-0.497291
-0.500803
-0.318678
-0.190740
-0.054677
-0.013324
0.102715
0.245806
0.320841
0.341223
0.475266
0.577103
0.776552
0.870549
0.857707
0.965768
1.063312
1.000128
1.052550
1.074521
1.118293
0.934646
0.983240
1.010178
1.069612
0.969065
1.015853
1.122858
1.103623
1.155268
1.052010
0.937413
1.035530
1.054432
1.003374
1.075328
1.036068
1.038665
1.103551
1.011337
1.070049
1.030276
1.159409
1.087387
1.020603
0.941571
0.857712
0.843711
0.684389
0.591236
0.526457
0.462096
0.288321
0.224700
0.147815
0.034992
-0.088628
-0.142258
-0.321866
-0.407852
-0.586743
-0.577907
-0.688282
-0.828215
-0.906191
-1.093907
-1.059654
-0.994232
-1.043844
-1.044162
-0.998511
-1.012008
-1.060292
-1.017368
-1.056511
-1.058326
-1.071243
-1.056200
-1.023928
-1.105401
-1.079056
-1.062376
-1.112501
-1.140986
-1.087328
-1.074545
-1.112197
-1.069670
-1.097107
-0.981776
-1.091517
-1.068069
-1.139149
-0.990966
-1.004377
-1.079974
-1.012573
-0.911445
-1.052284
-1.085581
-1.064404
-0.983238
-1.042187
-1.045948
-0.993104
-1.063495
-1.038848
-1.067493
-1.104877
-1.111329
-1.123466
-0.969058
-1.090955
-1.000863
-1.056647
-1.051278
-0.938309
-1.074262
-1.103042
-1.087914
-1.055154
-1.104483
-1.029064
-1.062958
-1.029554
-1.102793
-1.051445
-1.096537
-1.052235
-1.159121
-1.116692
-1.010641
-0.947903
-1.052169
-0.974807
-1.047511
-1.147958
-1.098238
-1.060124
-1.054649
-1.035675
-0.957273
-1.101065
-0.963242
-1.011934
-1.054156
-1.057130
-1.100871
-1.068613
-1.062416
-0.991738
-1.074288
-1.055725
-1.045208
-0.991210
-1.035390
-1.173239
-1.047854
-0.978710
-1.076454
-0.979040
-1.086981
-1.056705
-1.044447
-1.089528
-1.097978
-1.167565
-1.038046
-0.997495
-1.090077
-0.935466
-1.007583
-1.007705
-0.908634
-0.984742
-1.098574
-1.156297
-1.088123
-1.102207
-1.168081
-1.060349
-1.018909
-1.076292
-1.047238
-1.101794
-1.105271
-1.019048
-1.193985
-1.161398
-1.098980
-1.160596
-1.047989
-1.145061
-1.042306
-1.048394
-1.051919
-1.101698
-1.116464
-1.018620
-0.926099
-1.061168
-1.065474
-1.093271
-1.085648
-1.033610
-1.091593
-1.078089
-1.048336
-0.962155
-1.080239
-1.046246
-1.138204
-1.088524
-1.085962
-1.065755
-0.948551
-1.044125
-0.973304
-1.070660
-1.043458
-1.022762
-1.159773
-1.017247
-1.130324
-1.010978
-1.092719
-1.085893
-1.037888
-1.012303
-1.090055
-1.093325
-1.052551
-1.041051
-1.013378
-1.109481
-0.978033
-1.090052
-1.039983
-1.059803
-1.113140
-1.043648
-1.060264
-1.034888
-1.083671
-1.023553
-0.961841
-1.090165
-1.042013
-1.042166
-0.983456
-1.038897
-1.071814
-1.114830
-1.170686
-1.091443
-1.025469
-1.078459
-0.960769
-1.023350
-0.972982
-1.113854
-1.054721
-1.071549
-1.090902
-1.056051
-1.072504
-1.025208
-1.009476
-1.058338
-1.094278
-1.089334
-0.997649
-0.981841
-1.007251
-1.061847
-1.031469
-0.991781
-0.997885
-1.026772
-1.063563
-1.076698
-1.125822
-1.053694
-1.079136
-1.098535
-1.098060
-1.066870
-1.044392
-1.057852
-0.980714
-1.006874
-1.057778
-1.118744
-0.943056
-1.093835
-1.112019
-1.028781
-0.915447
-0.600306
-0.579253
-0.547257
-0.323485
-0.284309
-0.168993
-0.038587
-0.021276
0.153827
0.175689
0.338752
0.488376
0.574978
0.615482
0.763914
0.828429
0.889056
1.036748
1.133958
1.064860
1.018408
1.064864
1.027676
0.977513
1.061403
0.996279
1.088284
1.074433
1.077751
1.013836
1.030490
0.964794
1.141323
0.986510
1.139451
1.137218
1.126974
1.138473
1.071117
0.985658
0.924185
0.959778
1.015016
1.005915
1.076110
1.063200
1.107485
1.141420
1.052273
1.088972
1.041884
0.994161
1.086318
1.103285
1.105149
1.042819
0.983571
0.910571
0.994143
1.051076
1.111751
1.053674
1.026723
1.003651
1.066304
1.053412
1.020352
0.986300
1.089356
1.023812
1.172894
0.947030
1.096260
0.939352
1.043371
1.069253
1.017853
1.129326
1.077594
1.077208
1.049278
1.023622
1.056073
1.108930
1.158890
1.024256
0.975746
1.119355
1.023623
0.975478
1.008868
1.057176
1.089179
1.134559
1.137991
1.055182
1.148382
0.996060
0.914677
0.837872
0.721951
0.674250
0.456226
0.365496
0.299483
0.166569
0.092459
-0.025947
-0.105508
-0.205770
-0.361292
-0.406751
-0.571603
-0.520339
-0.743252
-0.794638
-0.880765
-0.991904
-0.949330
-1.031203
-1.110357
-1.079611
-0.966341
-1.009056
-1.071285
-1.041747
-1.080966
-0.937850
-1.175625
-0.992785
-0.982353
-0.958822
-1.036747
-1.055288
-1.007711
-1.059646
-1.045680
-1.051035
-0.960705
-1.113774
-1.070662
-1.089159
-1.076248
-1.029455
-1.047805
-0.994829
-0.991380
-0.978152
-1.052851
-1.034706
-1.042058
-1.049356
-1.030713
-1.017502
-1.064111
-1.094989
-1.042384
-1.061013
-1.078836
-1.030426
-1.021579
-0.989568
-1.080413
-1.030782
-1.049022
-1.071023
-1.085799
-0.985853
-1.055496
-1.139757
-1.091344
-1.117034
-0.946791
-1.095555
-1.097512
-0.959318
-1.036155
-0.968034
-1.118888
-1.092592
-1.021915
-1.036291
-0.996948
-1.036715
-0.986445
-1.064994
-1.050968
-1.009238
-1.044842
-1.058200
-1.166389
-1.050819
-1.108057
-1.132207
-1.081011
-1.043821
-1.106428
-1.064752
-1.067184
-1.042007
-1.145903
-1.022074
-1.090988
-1.080065
-1.083698
-1.082661
-1.020610
-1.058008
-1.072789
-1.092505
-0.962151
-1.017852
-1.023784
-1.012522
-1.001293
-0.993016
-1.002324
-1.094177
-1.076882
-1.041253
-1.097946
-1.033864
-1.063324
-1.037136
-1.088968
-1.064342
-1.138110
-1.034821
-1.058588
-1.029198
-1.092102
-1.060496
-1.079558
-1.032623
-0.996124
-1.024857
-1.084256
-1.043007
-0.937948
-1.109775
-1.016135
-1.028652
-1.045957
-1.063538
-1.071555
-1.109495
-1.055478
-1.074771
-0.961377
-0.892174
-0.697619
-0.624831
-0.531068
-0.503746
-0.326236
-0.157664
-0.220989
0.081621
0.099634
0.286241
0.306693
0.358463
0.546118
0.627748
0.698074
0.870046
0.902855
1.013793
1.121028
0.986040
1.118342
1.139022
1.124356
1.031685
1.094946
1.025885
1.076646
1.075881
1.105474
1.152548
1.089432
1.038704
0.938507
1.080246
1.055376
1.071614
1.021868
1.027832
1.049181
1.078975
1.062961
1.042112
0.993530
1.085020
1.120336
1.088411
1.117067
0.968311
1.012650
0.954026
1.017604
1.086214
1.058226
1.163696
1.088109
1.000291
1.085004
1.033665
1.080692
1.040982
1.112384
1.098757
1.084633
1.088073
1.114290
0.992404
1.008949
1.040402
1.081381
1.136039
1.074740
1.069492
1.036418
0.975943
1.047499
1.062493
1.092994
1.006370
1.012508
1.051691
1.136683
1.155436
1.033602
1.067873
1.101850
1.014614
1.013316
0.999895
1.036893
1.062684
1.044571
1.027553
1.065396
1.100032
1.042021
1.027766
1.044459
1.070857
0.965216
0.833131
0.797469
0.676075
0.532021
0.457672
0.374387
0.284022
0.119967
0.017086
-0.117641
-0.167259
-0.343339
-0.465965
-0.541503
-0.687841
-0.820514
-0.817439
-0.894386
-1.029605
-1.062032
-1.071293
-1.024081
-1.154634
-1.009626
-1.061582
-1.153396
-1.150315
-1.022455
-1.127704
-1.031249
-1.067380
-1.032155
-1.047964
-1.025972
-1.014497
-1.154821
-1.152111
-1.162259
-0.983821
-1.076855
-1.014740
-1.036639
-1.041669
-0.971311
-1.168949
-1.064807
-1.061264
-1.058287
-0.981439
-0.948915
-0.886662
-0.771548
-0.605149
-0.498745
-0.407015
-0.250197
-0.186192
-0.167617
-0.017657
0.142470
0.021423
0.317360
0.388717
0.509870
0.680607
0.695905
0.922572
0.910691
1.047249
1.109974
1.002789
1.079457
1.005378
1.057080
1.061493
1.032363
0.963503
1.010970
1.131665
1.064315
1.034373
1.107162
0.904499
1.098616
1.032416
1.043679
1.045727
1.077743
1.007575
1.117018
0.935502
1.052184
0.995053
1.016149
1.037986
1.108464
1.041219
1.043457
1.031441
0.899127
0.800203
0.729940
0.642514
0.581887
0.460571
0.278194
0.246720
0.102135
-0.027423
-0.075904
-0.185013
-0.328178
-0.322407
-0.446278
-0.525392
-0.787896
-0.905992
-0.898536
-1.051908
-1.102842
-1.005225
-1.065116
-1.015105
-0.958980
-1.055847
-1.045136
-1.027290
-1.178388
-1.123377
-1.078448
-0.988322
-1.016867
-1.135911
-1.037251
-1.106423
-1.036536
-1.052680
-1.052256
-1.114672
-1.100297
-1.033928
-1.000102
-1.045869
-1.004467
-1.012571
-1.030201
-1.106989
-1.138539
-1.142059
-0.892694
-0.828367
-0.766530
-0.613232
-0.525036
-0.395002
-0.390751
-0.143071
-0.099775
-0.052379
0.144606
0.344087
0.384728
0.439683
0.424415
0.554511
0.736769
0.905363
0.891361
1.036813
1.052920
1.072952
1.071708
1.020980
1.075891
1.067351
1.187697
1.095709
0.986552
1.046954
1.074990
1.008882
1.071668
1.202622
1.007279
1.081152
1.040667
1.110393
1.113388
1.071464
1.018926
1.100528
1.034027
0.982297
1.003878
1.062845
1.185722
1.036652
1.005894
1.108874
1.032344
1.060522
1.011266
1.037382
1.091066
0.965854
1.009618
1.106449
1.107071
1.135619
1.014923
0.943410
1.161766
1.059665
0.993083
1.056796
1.074869
1.139831
1.131217
1.016284
1.033248
1.051523
1.067420
1.078789
1.058209
1.034445
0.998044
1.080328
1.073794
1.086908
1.051062
0.959501
1.004231
1.111780
1.065968
1.030131
1.065889
0.929281
1.038437
1.028204
1.037522
1.027485
0.917420
1.077766
1.171664
0.963006
1.015054
1.024949
1.110770
1.039130
1.001299
1.080611
1.058549
1.060604
1.076001
1.085531
1.044025
1.097297
1.094787
0.969875
1.210636
1.042095
1.046584
1.035891
1.085061
1.041406
1.071380
1.045332
0.996108
1.000612
1.029450
1.135709
1.071867
1.109244
1.054673
1.071741
1.076944
1.084603
0.983909
1.013265
1.089803
1.150491
0.982721
1.041131
1.039044
1.096005
1.045361
1.144547
1.174820
1.054318
0.994333
1.055799
0.960415
0.996760
0.992465
1.113171
1.174119
0.992725
1.037777
1.083269
0.932950
0.847408
0.816815
0.679088
0.538270
0.440738
0.344173
0.250238
0.033322
0.017083
-0.087368
-0.222676
-0.327594
-0.380859
-0.497521
-0.646772
-0.652069
-0.866605
-0.889247
-1.059031
-1.086634
-1.080479
-1.107431
-1.090724
-1.020380
-1.105771
-1.057440
-1.038576
-0.980821
-0.950076
-0.995850
-1.087883
-1.091677
-1.143879
-1.097374
-1.014663
-1.105261
-1.050439
-1.047994
-1.146042
-1.115840
-1.029716
-1.010442
-1.029194
-1.032757
-1.019844
-0.966941
-1.059403
-1.098383
-0.997904
-0.843755
-0.725001
-0.778827
-0.661809
-0.480952
-0.483219
-0.373721
-0.243686
-0.108748
-0.003588
0.105003
0.121064
0.408588
0.484106
0.567670
0.662979
0.686870
0.947819
0.938401
1.066904
0.985881
1.049667
1.109420
1.145777
1.081020
1.004568
1.063995
1.117716
1.128935
1.080040
0.991433
1.073660
1.094587
1.093866
1.102738
1.059424
1.018901
1.006034
1.017569
1.072511
1.021420
1.064287
1.104559
1.029562
1.093185
1.090217
0.982532
1.069947
1.101472
1.039143
1.040186
1.139511
1.034815
1.002612
1.025612
1.040872
1.019668
1.101640
1.022742
1.017870
1.062227
0.998738
1.078543
1.077981
1.026424
1.087171
1.003332
1.124894
1.034471
1.043959
0.964178
1.008614
1.073700
1.112815
1.105705
1.088804
1.028751
1.095720
0.960625
1.082549
1.006996
1.132042
0.983738
1.043152
1.019408
0.935205
1.039037
0.973251
1.051411
1.081007
1.066235
1.093908
1.132108
1.095664
0.946380
1.104159
1.052269
1.126836
1.007286
1.052632
0.989306
1.108052
1.056610
1.134270
1.096420
1.035049
1.054636
1.037658
1.051468
0.970393
1.070798
0.963635
1.006460
1.078016
1.044569
0.996211
1.106401
0.970649
1.015248
1.110957
1.052158
1.090151
1.069966
1.055743
1.151718
1.072117
0.901526
1.010882
1.031207
1.023374
1.105249
1.027807
1.059105
1.053954
1.074344
1.110020
1.065728
1.198819
1.121798
1.014271
1.035105
1.048716
0.908763
1.046015
1.122072
1.076605
1.049650
1.198416
1.012927
1.019664
1.085391
1.118654
0.994952
0.946576
1.025936
1.042721
1.078395
1.070992
1.076183
1.097547
1.121806
1.103611
1.020648
1.017641
1.078193
1.031125
1.053191
1.154402
0.981345
1.098337
1.136388
1.016333
1.130927
0.989108
0.946083
0.997711
1.026881
1.092660
1.011637
0.969596
0.999495
1.072996
1.132963
0.993665
1.041803
1.046188
1.083596
1.058322
0.992184
1.099448
0.964899
1.055643
1.002526
1.057569
1.029069
1.038835
1.057130
1.030580
0.967284
1.018595
1.014498
1.105856
1.080384
1.041897
1.010204
1.111652
1.085333
0.922186
1.035282
0.992938
1.063675
1.026207
1.101258
1.025186
1.097085
1.054142
1.046525
0.979894
1.095142
1.100886
1.015018
1.014617
0.981925
1.048621
0.986210
1.046436
0.980803
1.080563
0.977370
1.051241
1.021407
1.086341
0.987334
0.978930
0.991094
1.089284
1.001368
1.108156
0.995777
0.959261
1.004658
1.066961
1.081572
1.083810
1.013196
0.972851
1.033985
0.978700
0.997459
1.109157
1.067737
1.026932
1.199826
1.105118
1.101117
1.070433
1.081982
1.064461
1.056145
1.020518
1.020613
1.114450
1.008892
1.041826
1.069311
1.051164
1.017665
1.032541
1.089345
0.973559
1.005952
1.017160
1.071422
1.031620
1.052167
1.032146
1.019237
0.958529
1.065327
1.102489
1.060139
1.111253
0.977725
1.137653
1.053489
1.063510
1.018531
1.125947
0.958970
1.105462
1.075586
1.147692
1.009210
1.045928
1.089212
1.026894
1.106979
0.981987
0.966319
0.988103
0.983230
1.038560
1.141716
1.077639
1.098472
1.015755
1.156765
1.005032
1.199372
1.016484
1.060320
1.093405
1.069394
0.976258
1.008493
1.094937
1.071946
1.058949
1.034401
1.043295
0.952939
1.029102
1.048943
1.108297
1.089341
1.015438
0.969875
1.027510
1.091124
1.106013
1.060667
0.974999
0.984229
1.140766
1.046775
1.019124
1.070923
1.025986
0.999205
0.995355
1.040465
1.056984
1.011162
1.124672
1.040902
1.043518
0.968726
1.100729
1.053049
1.077001
0.902830
0.786442
0.766815
0.538470
0.642216
0.516213
0.225665
0.161279
0.008577
0.009399
-0.112964
-0.161224
-0.278306
-0.457453
-0.482283
-0.597270
-0.722221
-0.927276
-0.991296
-1.043032
-1.196063
-1.083609
-1.049039
-1.124612
-1.054183
-1.085060
-1.006484
-0.933018
-1.037501
-1.122649
-1.157862
-1.161881
-1.040213
-0.923285
-1.115853
-0.997501
-1.094422
-1.092167
-0.950456
-1.075570
-1.030234
-0.928727
-1.021863
-0.960483
-1.036265
-1.050317
-1.099785
-1.038419
-1.065774
-1.192623
