0.026961
0.033537
0.052290
-0.000073
-0.152870
-0.242817
-0.354361
-0.642106
-0.633625
-0.580882
-0.629990
-0.337578
-0.150830
0.097037
0.633547
0.795833
1.166599
1.204964
1.399390
1.265995
0.958421
0.615192
0.199093
-0.232372
-0.650808
-1.075205
-1.245059
-1.424083
-1.443936
-1.307139
-0.964651
-0.698598
-0.213898
0.187109
0.632100
0.970499
1.246649
1.333586
1.338562
1.330551
0.970321
0.722798
0.287078
-0.239622
-0.683666
-1.019055
-1.185733
-1.401844
-1.366547
-1.289057
-1.014607
-0.586053
-0.258186
0.160629
0.608550
0.996232
1.228094
1.384600
1.339444
1.246860
1.010400
0.690278
0.190258
-0.238542
-0.656705
-0.997225
-1.288146
-1.382564
-1.407444
-1.331462
-1.013162
-0.714913
-0.271888
0.159603
0.656090
1.033404
1.303667
1.373455
1.330336
1.257294
0.920008
0.670632
0.347102
-0.181594
-0.680295
-1.007111
-1.251450
-1.361020
-1.437670
-1.265691
-1.026924
-0.736792
-0.281025
0.252322
0.640049
1.026809
1.249690
1.433174
1.382187
1.222227
1.064245
0.710813
0.212734
-0.098053
-0.614408
-0.939925
-1.224680
-1.346763
-1.440381
-1.212198
-1.001221
-0.596426
-0.289881
0.248765
0.527027
0.930656
1.271381
1.298261
1.411601
1.282041
1.104513
0.605082
0.242464
-0.134014
-0.636832
-0.950375
-1.206872
-1.416803
-1.426347
-1.341690
-1.002363
-0.557403
-0.307595
0.132481
0.502921
0.983619
1.341149
1.466835
1.440490
1.288399
1.011530
0.681383
0.243458
-0.146703
-0.639443
-0.911642
-1.222527
-1.378431
-1.445820
-1.377355
-0.945100
-0.695848
-0.259271
0.185200
0.540970
0.984313
1.242843
1.423342
1.435971
1.160151
0.994198
0.627084
0.244914
-0.108027
-0.608367
-1.013055
-1.227064
-1.397364
-1.452506
-1.315298
-0.938227
-0.684029
-0.214018
0.205028
0.615317
1.055573
1.249324
1.391026
1.326827
1.393556
1.027045
0.704681
0.330984
-0.141830
-0.607617
-0.974538
-1.181943
-1.410866
-1.427149
-1.304558
-1.075349
-0.716927
-0.265014
0.149111
0.544998
0.944850
1.317356
1.298380
1.414845
1.286890
0.881332
0.607625
0.226806
-0.128457
-0.297682
-0.382031
-0.360638
-0.238640
-0.177929
-0.011824
0.031004
0.074628
0.065532
0.004013
-0.247612
-0.596983
-0.948796
-1.098254
-1.308910
-1.311742
-1.054534
-0.695458
-0.229815
0.151978
0.601353
0.938091
1.197761
1.399943
1.285819
1.324862
0.977484
0.674212
0.304529
-0.064836
-0.586381
-0.941278
-1.213016
-1.337852
-1.433438
-1.208958
-0.902275
-0.668849
-0.317399
0.250079
0.555333
0.964022
1.223550
1.443448
1.473944
1.251057
0.967737
0.637735
0.177109
-0.090434
-0.296527
-0.308967
-0.402040
-0.179432
-0.104207
-0.013354
0.063272
0.140993
0.148366
-0.117403
-0.261016
-0.650721
-0.877558
-1.091575
-1.258200
-1.204712
-1.043974
-0.700686
-0.258218
0.208552
0.619812
0.999170
1.176926
1.457835
1.468799
1.328016
1.120384
0.698192
0.293072
-0.205475
-0.550688
-0.909646
-1.280527
-1.464121
-1.344957
-1.177943
-1.012978
-0.688311
-0.354266
0.091458
0.592985
1.053316
1.218564
1.424861
1.334618
1.247458
1.018410
0.751695
0.278095
-0.203924
-0.625814
-0.938793
-1.240365
-1.397670
-1.411254
-1.279961
-1.133419
-0.671428
-0.214682
0.162189
0.557358
0.875503
1.185345
1.406591
1.326762
1.266649
1.017560
0.700432
0.276119
-0.124686
-0.555897
-0.987679
-1.302431
-1.400683
-1.376859
-1.223463
-1.012766
-0.703566
-0.252160
0.202239
0.522738
0.975327
1.189828
1.436931
1.515715
1.379964
1.113611
0.723337
0.266970
-0.120038
-0.585993
-0.936281
-1.249996
-1.357409
-1.490924
-1.356549
-0.951883
-0.474277
-0.121123
0.426488
0.698912
0.991979
1.011470
0.922752
0.674211
0.355488
-0.082550
-0.449539
-0.741991
-1.041908
-1.121633
-1.038768
-0.768845
-0.407903
0.106727
0.616874
0.960606
1.298352
1.397960
1.492224
1.161145
1.053399
0.701516
0.248859
-0.197740
-0.563024
-0.972526
-1.306180
-1.434244
-1.365073
-1.297842
-1.020971
-0.701223
-0.401253
0.102728
0.623081
0.966926
1.291491
1.465897
1.523305
1.302460
1.100056
0.736797
0.408598
-0.063838
-0.502818
-1.041523
-1.194663
-1.227090
-1.186454
-0.831425
-0.480958
-0.033720
0.355062
0.708722
0.946032
0.932774
0.886285
0.760482
0.367791
-0.060958
-0.548782
-0.942593
-1.175052
-1.240079
-1.320592
-1.052733
-0.704448
-0.222891
0.182209
0.588655
0.818716
1.217635
1.385766
1.344375
1.295812
1.036527
0.849652
0.381846
-0.140032
-0.577501
-0.888696
-1.234052
-1.425455
-1.559485
-1.255181
-0.968516
-0.746915
-0.306478
0.099694
0.584336
0.940511
1.277311
1.369508
1.436932
1.262797
1.009340
0.519285
0.110415
-0.371214
-0.709511
-0.934988
-0.958240
-0.930532
-0.698176
-0.382481
-0.013324
0.445715
0.709474
0.917283
1.129723
1.118738
0.720130
0.478731
-0.106137
-0.572480
-0.987143
-1.187686
-1.375218
-1.401345
-1.231211
-1.016068
-0.830890
-0.302204
0.030330
0.600168
0.893642
1.226450
1.282539
1.285646
1.238397
1.155133
0.808463
0.395093
-0.132788
-0.621054
-0.901890
-1.269770
-1.371107
-1.444992
-1.306631
-1.028759
-0.701080
-0.337265
0.135126
0.561093
0.890873
1.302123
1.372279
1.348542
1.303914
1.062603
0.826076
0.322301
-0.013926
-0.536194
-0.869976
-1.178827
-1.411420
-1.434715
-1.331397
-1.107782
-0.709153
-0.311721
0.115200
0.461946
0.881704
1.208855
1.378531
1.443370
1.265281
1.021191
0.760856
0.302015
-0.225203
-0.470574
-0.961038
-1.325793
-1.412228
-1.401737
-1.174466
-1.016759
-0.697896
-0.274262
0.194696
0.523266
0.867421
1.162440
1.380199
1.396735
1.401262
0.981177
0.826628
0.406976
-0.075966
-0.557841
-0.948342
-1.313055
-1.414996
-1.438802
-1.264074
-1.123513
-0.766050
-0.348774
0.048243
0.543108
0.849540
1.215469
1.407689
1.446237
1.380861
1.154824
0.698013
0.264071
-0.109091
-0.490805
-0.922671
-1.085060
-1.438954
-1.469103
-1.334878
-1.139745
-0.676211
-0.335401
-0.000927
0.531118
0.833367
1.152598
1.300119
1.503657
1.240889
1.106618
0.801969
0.382839
-0.078573
-0.563181
-0.994599
-1.250512
-1.263759
-1.406450
-1.295212
-1.153417
-0.730625
-0.398518
0.027803
0.608288
0.834561
1.221806
1.448239
1.439613
1.322493
1.015586
0.776231
0.369798
-0.066604
-0.436025
-0.858145
-1.168454
-1.367502
-1.344167
-1.256317
-1.060815
-0.824953
-0.393093
0.094669
0.513724
0.852355
1.260251
1.347153
1.419104
1.376069
0.963597
0.690660
0.298918
-0.077499
-0.544615
-0.977470
-1.118932
-1.353903
-1.463045
-1.324168
-0.979307
-0.740417
-0.384830
0.092709
0.460639
0.886427
1.156107
1.448884
1.443213
1.331569
1.072400
0.869644
0.421751
-0.094786
-0.538654
-0.826325
-1.085855
-1.052590
-1.086818
-1.097314
-1.058886
-0.881157
-0.754277
-0.635303
-0.406238
-0.158481
-0.083557
0.201090
0.448802
0.671067
0.986179
1.177955
1.301363
1.382967
1.465516
0.981215
0.712577
0.337784
-0.083323
-0.531617
-0.928254
-1.161091
-1.400300
-1.387247
-1.349295
-1.111512
-0.781545
-0.314202
0.052682
0.509573
0.877449
1.119961
1.278330
1.437380
1.299131
1.113948
0.790121
0.382376
-0.129313
-0.433062
-0.868061
-1.110428
-1.428427
-1.345407
-1.241275
-1.049814
-0.501453
-0.149256
0.313081
0.700782
1.027601
1.027618
0.968233
0.719060
0.402276
0.033544
-0.390274
-0.790909
-0.973137
-1.057848
-1.150052
-0.810044
-0.485913
0.010042
0.484407
0.835025
1.176714
1.416964
1.369696
1.363004
1.053572
0.808561
0.363760
-0.087981
-0.437425
-0.874756
-1.214310
-1.386263
-1.361389
-1.237551
-1.152046
-0.901255
-0.386574
-0.011091
0.488561
0.899619
1.199762
1.364285
1.436887
1.283940
1.209743
0.726049
0.462977
-0.078469
-0.476803
-0.857938
-1.089477
-1.302249
-1.112999
-0.905757
-0.487930
-0.088571
0.358204
0.621639
0.969671
0.986305
0.982329
0.768015
0.394560
0.051507
-0.507272
-0.878366
-1.151998
-1.312066
-1.399287
-1.101188
-0.790642
-0.453617
-0.009108
0.384616
0.837690
1.132859
1.191819
1.385478
1.353606
1.094751
0.853748
0.362975
-0.174136
-0.495178
-0.833359
-1.204530
-1.333628
-1.433858
-1.385152
-1.020401
-0.744950
-0.305024
0.067648
0.596016
0.850676
1.256858
1.366219
1.396833
1.254628
1.040687
0.580503
0.187921
-0.225802
-0.700351
-0.956168
-1.080772
-1.002467
-0.782116
-0.429528
0.055309
0.370946
0.745400
1.025476
1.133006
1.168212
0.874641
0.530278
0.001863
-0.544349
-0.875005
-1.137072
-1.414804
-1.382333
-1.298018
-1.231436
-0.757494
-0.498891
0.062116
0.386407
0.805353
1.293832
1.308103
1.499790
1.345756
1.120334
0.802571
0.382277
0.009364
-0.626500
-0.838391
-1.128272
-1.246209
-1.441596
-1.318210
-1.140643
-0.786015
-0.375814
0.051047
0.473958
0.750594
1.172021
1.236662
1.362527
1.307708
1.150471
0.872345
0.500450
-0.062596
-0.602378
-0.876986
-1.206806
-1.284884
-1.425945
-1.398882
-1.122721
-0.827433
-0.459047
0.000591
0.505592
0.761203
1.147060
1.288845
1.474213
1.367361
1.065892
0.746828
0.399597
-0.038832
-0.540015
-0.861103
-1.057900
-1.353865
-1.415390
-1.380851
-1.202016
-0.794458
-0.461483
0.008724
0.460807
0.864885
1.195975
1.342942
1.376920
1.299395
1.148090
0.883517
0.316378
0.029219
-0.356337
-0.877968
-1.150603
-1.188674
-1.415706
-1.334723
-1.026716
-0.787192
-0.346777
0.094994
0.433278
0.831552
1.205902
1.435567
1.387418
1.302570
1.140766
0.795734
0.432151
0.054654
-0.452336
-0.857381
-1.170044
-1.399556
-1.407160
-1.365403
-1.206499
-0.812327
-0.459328
0.041081
0.484507
0.853601
1.194577
1.394155
1.507042
1.254832
1.200857
0.728378
0.341169
-0.085400
-0.498548
-0.859482
-1.169568
-1.390685
-1.489266
-1.399541
-1.181466
-0.808566
-0.395637
0.080407
0.470165
0.882440
1.193268
1.387936
1.459355
1.301603
1.085413
0.786505
0.501691
0.037444
-0.384773
-0.774161
-1.199118
-1.290078
-1.409354
-1.349421
-1.181594
-0.815666
-0.434131
0.000464
0.353084
0.847217
1.121132
1.356133
1.509366
1.323144
1.254961
0.838527
0.466229
0.106339
-0.472533
-0.934229
-1.103728
-1.405265
-1.387504
-1.339757
-1.086146
-0.731719
-0.446372
-0.096401
0.477605
0.790968
1.124686
1.325239
1.459809
1.305964
1.050894
0.763099
0.441037
-0.074794
-0.428393
-0.783030
-1.099913
-1.252789
-1.142446
-0.979537
-0.615518
-0.156484
0.201539
0.550817
0.881930
0.983447
0.877103
0.787865
0.327182
0.054605
-0.542884
-0.829098
-1.179084
-1.416707
-1.356466
-1.172215
-0.770554
-0.456494
-0.078931
0.494656
0.850979
1.129590
1.356084
1.384382
1.430752
1.109552
0.878987
0.518233
-0.040116
-0.439313
-0.821613
-1.188905
-1.345135
-1.374575
-1.378330
-1.131615
-0.760641
-0.404810
-0.042583
0.400173
0.839661
1.137574
1.386229
1.427292
1.430600
1.178181
0.893193
0.440433
0.017390
-0.405911
-0.851432
-1.124303
-1.327888
-1.474882
-1.263619
-1.096002
-0.915251
-0.442644
-0.027136
0.406050
0.832066
1.137071
1.343489
1.384346
1.396618
1.213624
0.835576
0.527409
0.058328
-0.524017
-0.746092
-1.078092
-1.417387
-1.449010
-1.384990
-1.106947
-0.854740
-0.357607
0.009237
0.447676
0.812914
1.206668
1.292912
1.340249
1.402720
1.141780
0.843682
0.488333
-0.038319
-0.390378
-0.720856
-1.091125
-1.379308
-1.331436
-1.314218
-1.053662
-0.650303
-0.177866
0.252137
0.555140
0.882126
1.021111
0.954171
0.870744
0.550587
0.087569
-0.336321
-0.725616
-1.049684
-1.122390
-1.125074
-0.944783
-0.589617
-0.123032
0.422696
0.764008
1.118515
1.347455
1.399668
1.307735
1.188578
0.813850
0.488606
-0.059291
-0.296946
-0.873209
-1.121426
-1.246277
-1.430936
-1.313947
-1.189858
-0.913723
-0.461999
0.036548
0.377419
0.810232
1.115059
1.297862
1.440272
1.356233
1.151050
0.857365
0.455013
0.056402
-0.409374
-0.833332
-1.017710
-1.416929
-1.436525
-1.353545
-1.103580
-0.876690
-0.500718
0.027524
0.315202
0.758046
1.030527
1.328416
1.341366
1.356116
1.188537
0.837817
0.516200
0.010831
-0.434408
-0.769982
-1.033327
-1.431476
-1.403689
-1.411293
-1.150813
-0.916513
-0.420964
-0.072857
0.424965
0.804472
1.099585
1.334858
1.418672
1.241116
1.221055
0.865197
0.485237
0.021060
-0.475672
-0.781024
-1.099331
-1.286587
-1.357603
-1.316016
-1.224284
-0.929572
-0.521340
-0.085285
0.339289
0.637404
0.908009
1.035375
1.186264
1.135216
1.169797
0.989506
0.739198
0.703507
0.472345
0.321424
0.060697
-0.183797
-0.376446
-0.667094
-0.896159
-1.143808
-1.194870
-1.313515
-1.350060
-1.169557
-0.935489
-0.564502
-0.036683
0.381160
0.705467
1.112610
1.316329
1.541679
1.313309
1.153008
0.840818
0.483990
-0.004575
-0.310057
-0.807513
-1.166515
-1.301541
-1.369286
-1.373373
-1.229013
-0.918872
-0.459254
-0.071526
0.357069
0.813366
1.096300
1.325303
1.404172
1.338393
1.117426
0.886454
0.506053
0.058958
-0.359522
-0.822322
-1.154848
-1.388314
-1.407365
-1.338773
-1.138679
-0.924865
-0.546738
-0.089967
0.408788
0.717285
1.025625
1.336080
1.364174
1.481433
1.157608
0.882130
0.486684
0.082352
-0.440759
-0.766491
-1.011297
-1.275254
-1.404971
-1.235302
-1.181572
-0.916498
-0.445642
-0.071979
0.390140
0.812266
0.986917
1.253802
1.345301
1.380797
1.184066
0.850802
0.552201
0.044929
-0.431913
-0.654156
-1.098986
-1.318877
-1.366111
-1.381046
-1.090195
-0.653161
-0.278712
0.294865
0.639424
0.919182
1.096620
1.018825
0.744752
0.553421
0.081532
-0.342286
-0.630507
-0.982946
-1.097734
-1.155419
-0.888589
-0.649510
-0.131450
0.376473
0.767513
0.960990
1.376872
1.407952
1.311295
1.188979
0.878687
0.436647
0.092677
-0.322317
-0.721321
-1.125994
-1.342136
-1.324068
-1.400933
-1.162165
-0.879418
-0.502316
-0.087823
0.391889
0.819130
1.040996
1.292143
1.410033
1.319991
1.175662
0.952819
0.498641
0.076082
-0.333351
-0.635964
-0.822151
-1.020576
-1.106320
-1.179374
-1.105947
-0.921557
-0.840352
-0.686198
-0.507575
-0.317805
-0.080826
0.030163
0.466398
0.637571
0.942771
0.991734
1.154865
1.328399
1.367898
1.199432
0.867501
0.505992
0.074145
-0.420849
-0.762721
-1.091424
-1.361150
-1.374938
-1.315387
-1.205380
-0.877177
-0.490508
-0.133964
0.379401
0.714352
1.109870
1.345802
1.412408
1.327069
1.227852
0.915148
0.505975
0.047872
-0.385937
-0.772703
-1.110615
-1.262058
-1.375376
-1.336691
-1.106971
-0.709782
-0.240361
0.274183
0.653202
0.919752
0.944945
1.037863
0.856368
0.440894
0.171946
-0.366748
-0.736038
-0.932229
-1.041639
-1.035150
-0.942393
-0.677472
-0.130920
0.322830
0.680057
1.069493
1.329390
1.389832
1.310907
1.200264
1.044110
0.574586
-0.042788
-0.346991
-0.586743
-0.993015
-1.345863
-1.507941
-1.328875
-1.219887
-0.893616
-0.560701
-0.182211
0.272143
0.851403
1.107428
1.398080
1.331332
1.358348
1.220293
1.047891
0.490694
0.137866
-0.365152
-0.687092
-1.073432
-1.141644
-1.109036
-0.983682
-0.538083
-0.183699
0.148584
0.588908
0.823273
0.978226
0.989223
0.834302
0.523042
0.039370
-0.342663
-0.762868
-1.043467
-1.256644
-1.368803
-1.264908
-0.889961
-0.527749
-0.129975
0.341534
0.756940
1.128271
1.270437
1.383965
1.369143
1.117000
0.917622
0.493226
0.209228
-0.280976
-0.775794
-1.054735
-1.447495
-1.437589
-1.436808
-1.125944
-1.013175
-0.442078
-0.166110
0.242505
0.829074
1.108517
1.342601
1.413056
1.436178
1.163715
0.963908
0.619715
0.386025
0.105379
-0.121141
-0.380158
-0.550025
-0.693670
-0.809559
-0.836061
-0.996957
-1.050041
-0.985143
-0.922671
-0.804631
-0.647743
-0.387516
-0.030602
0.315081
0.825451
1.054214
1.332894
1.435805
1.380071
1.203572
0.947312
0.588997
0.059109
-0.441373
-0.717856
-1.053547
-1.313500
-1.367734
-1.324321
-1.270413
-0.915942
-0.640357
-0.204740
0.308321
0.703523
1.104176
1.245988
1.348768
1.347757
1.243529
1.049343
0.475838
0.172926
-0.234054
-0.678857
-0.876345
-1.080389
-1.167343
-1.154220
-1.096888
-0.999795
-0.894813
-0.617324
-0.578863
-0.436383
-0.163940
0.097163
0.394205
0.634223
0.807114
1.123402
1.203389
1.352949
1.369672
1.193302
0.863761
0.583122
0.146049
-0.310680
-0.654689
-1.059330
-1.293976
-1.485284
-1.446150
-1.237796
-0.991079
-0.658063
-0.275113
0.237396
0.755815
1.003522
1.303282
1.459692
1.314982
1.216310
0.991791
0.651246
0.109559
-0.304451
-0.745006
-1.141291
-1.293800
-1.373838
-1.383279
-1.153011
-0.714688
-0.344452
0.157565
0.601720
0.807952
0.966046
1.001793
0.821389
0.517664
0.133434
-0.362627
-0.667936
-0.961207
-1.172445
-1.153328
-0.904863
-0.771422
-0.249171
0.231093
0.681755
0.972328
1.322312
1.421488
1.406441
1.153832
0.956981
0.659491
0.169579
-0.177727
-0.641223
-1.023959
-1.326967
-1.467007
-1.409982
-1.215603
-0.909789
-0.536383
-0.122237
0.241966
0.721543
1.072226
1.336962
1.405874
1.456915
1.258943
0.877450
0.623762
0.188903
-0.338275
-0.795474
-1.091274
-1.327474
-1.377340
-1.348657
-1.205191
-0.914917
-0.623997
-0.141387
0.338925
0.718818
1.077920
1.254032
1.462402
1.354991
1.241785
0.905507
0.628446
0.126659
-0.282558
-0.858287
-1.012993
-1.368190
-1.459459
-1.411862
-1.256808
-0.931793
-0.611115
-0.131579
0.285700
0.711840
1.059713
1.255118
1.403454
1.313554
1.096245
0.945155
0.518002
0.172732
-0.206415
-0.716328
-1.048957
-1.206867
-1.433450
-1.322954
-1.285321
-0.950805
-0.661493
-0.141878
0.298296
0.658243
1.040747
1.218058
1.448017
1.452604
1.221067
0.959880
0.589945
0.149516
-0.268423
-0.690659
-1.017453
-1.207592
-1.414170
-1.376649
-1.172724
-1.012816
-0.504265
-0.142724
0.246855
0.702023
1.062908
1.301588
1.390984
1.512317
1.244337
0.810651
0.574152
0.144089
-0.317374
-0.605483
-1.037354
-1.246446
-1.414121
-1.420486
-1.294163
-0.972354
-0.711477
-0.250144
0.222708
0.745570
1.033393
1.238970
1.350848
1.426327
1.249349
0.961833
0.747933
0.160873
-0.266978
-0.728870
-1.075813
-1.245427
-1.323591
-1.332158
-1.219107
-0.991483
-0.622309
-0.152424
0.329510
0.576835
0.986854
1.263338
1.373844
1.437974
1.227096
0.966051
0.670679
0.116913
-0.177055
-0.649313
-1.116270
-1.323650
-1.420940
-1.272782
-1.208674
-0.942445
-0.651049
-0.166937
0.263988
0.634204
0.932751
1.352605
1.313484
1.400160
1.213393
1.002802
0.623233
0.133204
-0.213202
-0.673868
-1.073238
-1.173424
-1.423706
-1.362546
-1.224858
-0.979485
-0.616351
-0.102512
0.252746
0.630131
1.006083
1.253101
1.456208
1.410330
1.299356
1.003623
0.472660
0.197273
-0.270199
-0.748427
-0.968768
-1.302455
-1.418270
-1.420053
-1.242165
-0.968104
-0.524724
-0.203174
0.195008
0.622847
1.004595
1.212525
1.423284
1.343382
1.230754
0.903419
0.646409
0.104607
-0.235572
-0.790040
-1.048265
-1.230137
-1.373875
-1.354225
-1.314372
-0.923749
-0.700787
-0.230590
0.321770
0.615264
1.007781
1.247930
1.384301
1.367069
1.177992
0.965050
0.524495
0.185965
-0.237185
-0.664407
-0.785529
-0.911651
-0.864392
-0.748388
-0.520152
-0.322307
-0.117515
0.031049
0.017981
-0.118720
-0.172768
-0.342092
-0.603952
-0.721414
-0.778531
-0.723119
-0.492163
-0.134856
0.179697
0.677980
0.994556
1.264646
1.408843
1.433209
1.276631
1.016274
0.712669
0.155788
-0.277789
-0.705776
-0.997957
-1.274784
-1.355023
-1.454431
-1.235335
-1.021273
-0.561726
-0.273150
0.271129
0.653864
0.992645
1.183678
1.441714
1.376974
1.270462
0.932000
0.695517
0.235177
-0.229090
-0.589093
-0.825063
-0.914547
-0.803602
-0.663812
-0.528230
-0.190823
-0.175769
0.107778
-0.028250
-0.048587
-0.330893
-0.422483
-0.523808
-0.715399
-0.799412
-0.711072
-0.491438
-0.182857
0.268246
0.701180
0.976047
1.300915
1.475962
1.417328
1.224320
0.911814
0.621132
0.258604
-0.292911
-0.608167
-1.004915
-1.317154
-1.409330
-1.388490
-1.239428
-1.013507
-0.638016
-0.174515
0.287393
0.593061
1.012864
1.206007
1.454508
1.434314
1.254649
0.912147
0.668211
0.239871
-0.174158
-0.699420
-1.071929
-1.172972
-1.041990
-1.086644
-0.750863
-0.197256
0.157172
0.628506
0.877709
1.019495
1.007213
0.913883
0.578776
0.174678
-0.208129
-0.693394
-1.122968
-1.311481
-1.379288
-1.427222
-0.920212
-0.631367
-0.195315
0.216950
0.679641
0.951675
1.158138
1.369208
1.405477
1.307058
1.005832
0.624722
0.252575
-0.245768
-0.560536
-1.042249
-1.293604
-1.233839
-1.456338
-1.173695
-1.026985
-0.688752
-0.243752
0.256570
0.652823
1.043342
1.258492
1.339260
1.453310
