0.026961
0.067666
0.194192
0.119522
0.072578
0.000208
-0.099802
-0.309493
-0.367265
-0.405561
-0.629177
-0.533327
-0.521659
-0.433089
-0.207407
-0.001939
0.272588
0.499892
0.796814
0.953938
0.955297
0.918339
0.785897
0.586477
0.305167
0.004187
-0.312846
-0.602081
-0.844854
-1.014253
-0.959584
-0.992179
-0.800053
-0.579648
-0.343085
-0.005127
0.308770
0.527641
0.758980
1.011587
0.964264
1.012201
0.852871
0.614127
0.331976
0.007517
-0.292415
-0.521065
-0.758402
-0.982733
-1.006831
-0.890168
-0.838042
-0.600896
-0.335201
-0.008631
0.292630
0.556195
0.790232
0.923836
1.001072
0.956859
0.781198
0.576298
0.280562
0.010296
-0.300232
-0.589895
-0.797984
-1.009710
-1.001225
-1.010527
-0.815941
-0.619874
-0.311509
-0.011739
0.310503
0.635791
0.730726
0.948046
0.906900
0.944580
0.869340
0.615349
0.336733
0.015156
-0.269915
-0.568495
-0.841462
-0.960670
-1.013515
-1.030580
-0.845153
-0.574142
-0.334770
-0.015704
0.281794
0.585285
0.816332
0.921122
1.048803
1.004171
0.814234
0.642449
0.317580
0.017219
-0.285752
-0.521723
-0.781461
-0.902624
-0.984275
-0.882029
-0.819316
-0.567742
-0.340614
-0.018081
0.290961
0.569849
0.827155
0.940035
1.084248
0.894120
0.810709
0.614528
0.329972
0.021395
-0.307124
-0.561036
-0.860343
-1.000105
-0.980775
-0.853299
-0.852994
-0.635484
-0.360159
-0.019167
0.296727
0.587649
0.845471
0.978255
0.989329
0.951603
0.798057
0.619758
0.331988
0.024578
-0.278592
-0.538768
-0.817381
-1.061972
-0.922484
-0.968842
-0.836155
-0.617811
-0.344524
-0.024390
0.305417
0.584802
0.800545
0.822240
0.966941
0.915943
0.834851
0.633490
0.324415
0.028028
-0.259442
-0.539770
-0.810646
-0.982695
-0.910506
-0.966391
-0.762351
-0.633195
-0.346199
-0.027337
0.265866
0.582709
0.773237
1.022323
0.999875
0.970340
0.882626
0.634761
0.354878
0.028413
-0.287872
-0.542711
-0.832011
-0.952164
-1.043644
-0.987052
-0.780138
-0.616579
-0.334867
-0.031587
0.274086
0.511138
0.808456
0.928928
0.855102
0.842203
0.606321
0.361766
0.159735
0.011500
-0.093544
-0.074741
-0.055753
-0.016505
0.031578
0.146622
0.205033
0.267030
0.177974
0.023631
-0.187772
-0.411188
-0.744978
-0.995183
-1.019809
-0.959620
-0.816735
-0.617355
-0.339848
-0.031907
0.263101
0.555495
0.696330
0.974835
0.941177
0.938404
0.856324
0.651535
0.382877
0.038212
-0.295804
-0.548025
-0.800337
-0.880267
-0.864402
-0.950102
-0.891267
-0.596480
-0.333165
-0.035438
0.278143
0.565955
0.871548
0.922375
0.935737
0.841417
0.593407
0.371946
0.133544
0.017204
-0.078743
-0.112288
-0.053279
0.000489
0.054957
0.189583
0.264616
0.192404
0.197132
0.024749
-0.201473
-0.429211
-0.693248
-0.886580
-1.000400
-0.997140
-0.809064
-0.632232
-0.364677
-0.045334
0.257601
0.570028
0.823617
0.965557
1.074674
0.954389
0.877008
0.580286
0.311794
0.045651
-0.284248
-0.528331
-0.736885
-0.851018
-0.964082
-0.968305
-0.900833
-0.649922
-0.384586
-0.046652
0.247429
0.564452
0.752363
0.918795
0.969886
0.992941
0.804723
0.641157
0.333851
0.049911
-0.243893
-0.572645
-0.756598
-0.945781
-1.086162
-0.920294
-0.828641
-0.608554
-0.319718
-0.047634
0.249360
0.557353
0.770151
0.889848
0.965428
0.984630
0.817114
0.638509
0.346200
0.049216
-0.272577
-0.583312
-0.821266
-0.873472
-0.955488
-0.962251
-0.866055
-0.618769
-0.359209
-0.054534
0.258526
0.573022
0.832656
1.006644
1.057564
0.966589
0.853417
0.645937
0.359051
0.052509
-0.265123
-0.527652
-0.833023
-0.977216
-0.895551
-0.731437
-0.653588
-0.365870
-0.208684
-0.024760
0.062792
0.115257
0.056765
-0.004996
-0.142044
-0.187929
-0.228874
-0.242247
-0.168750
-0.039223
0.182355
0.415411
0.696494
0.998905
1.019315
1.022703
0.913929
0.637060
0.345620
0.061712
-0.269788
-0.564147
-0.832905
-0.931141
-1.034052
-1.040480
-0.898294
-0.654962
-0.382757
-0.065636
0.264253
0.470253
0.762673
0.988475
1.023126
1.045381
0.901041
0.688298
0.352967
0.059337
-0.253272
-0.509570
-0.745154
-0.883188
-1.096564
-0.987768
-0.866094
-0.648638
-0.355847
-0.064436
0.242194
0.502894
0.795722
0.966767
0.927588
0.935173
0.899439
0.650678
0.381885
0.066699
-0.287404
-0.501010
-0.722938
-0.956483
-0.985859
-0.948526
-0.796679
-0.622489
-0.370575
-0.066550
0.245729
0.557451
0.767422
0.908262
0.970628
1.072211
0.897927
0.626683
0.355164
0.067565
-0.261237
-0.523481
-0.868239
-0.918796
-0.896806
-0.994395
-0.865193
-0.687625
-0.373964
-0.068694
0.264514
0.520017
0.777270
0.895015
0.940383
0.762702
0.635964
0.404134
0.228361
0.029498
-0.070076
-0.122423
-0.062317
0.002384
0.058975
0.200900
0.224008
0.237260
0.203337
0.039307
-0.184798
-0.379265
-0.737798
-0.957447
-1.067628
-0.949750
-0.825389
-0.645030
-0.371687
-0.075318
0.236766
0.497395
0.745433
0.984071
0.972569
0.995024
0.790134
0.579202
0.371143
0.085387
-0.241219
-0.503805
-0.718692
-1.003314
-0.985992
-1.047803
-0.850361
-0.650172
-0.373966
-0.079345
0.260409
0.525032
0.769429
0.922578
0.973971
1.069000
0.842673
0.616130
0.362914
0.082496
-0.245233
-0.557687
-0.704716
-0.938772
-0.955191
-0.937660
-0.891793
-0.666744
-0.386468
-0.081749
0.256953
0.535521
0.833179
0.856415
0.966552
1.001126
0.883069
0.646599
0.377893
0.083788
-0.250441
-0.554917
-0.784878
-0.854159
-1.042241
-1.085565
-0.833306
-0.633092
-0.385919
-0.076726
0.228334
0.580914
0.855001
0.913625
0.953176
0.930057
0.871471
0.666268
0.412348
0.089381
-0.225758
-0.456377
-0.728997
-0.926010
-1.038094
-1.084432
-0.942080
-0.659736
-0.398522
-0.096324
0.229962
0.520639
0.720245
0.902182
0.936033
0.994740
0.869786
0.661916
0.412413
0.091039
-0.203624
-0.559582
-0.756172
-0.901058
-1.017866
-0.863814
-0.907983
-0.686022
-0.401126
-0.085247
0.220493
0.537620
0.699649
0.930452
0.921250
0.966277
0.821587
0.718796
0.382080
0.092116
-0.204621
-0.514330
-0.767265
-0.948454
-1.085306
-1.024430
-0.772097
-0.644918
-0.430643
-0.090137
0.234224
0.450171
0.719891
1.005121
0.926803
1.010973
0.918885
0.675334
0.374854
0.095812
-0.206390
-0.513898
-0.766240
-0.831467
-0.955475
-0.944562
-0.856912
-0.652259
-0.378275
-0.112044
0.198387
0.497055
0.702090
0.883914
0.952426
1.057981
0.840984
0.655941
0.401245
0.089216
-0.224395
-0.531001
-0.755851
-0.913215
-1.074382
-0.891613
-0.826489
-0.642654
-0.414375
-0.099015
0.225930
0.481854
0.726629
0.874849
0.986392
0.948393
0.920824
0.731174
0.399334
0.100777
-0.213617
-0.468890
-0.740233
-0.899772
-0.920428
-0.876764
-0.580772
-0.375162
-0.186378
-0.028745
0.062919
0.120618
0.058365
0.011956
-0.052546
-0.303808
-0.290921
-0.299870
-0.181471
-0.059358
0.159789
0.429211
0.688982
1.076959
0.875232
0.930481
0.838701
0.664125
0.429852
0.103672
-0.191820
-0.501801
-0.719479
-0.941689
-1.005395
-0.985256
-0.825156
-0.647606
-0.380556
-0.108233
0.199018
0.484089
0.785011
0.896115
1.010677
0.989959
0.856011
0.664066
0.439446
0.112409
-0.215004
-0.501914
-0.641058
-0.840787
-0.933951
-0.730572
-0.639793
-0.400853
-0.200508
-0.035643
0.041061
0.092929
0.004013
-0.006214
-0.080913
-0.193815
-0.323808
-0.277288
-0.209779
-0.069979
0.128344
0.431554
0.681838
0.900714
0.962525
0.984116
0.950114
0.657687
0.454509
0.111612
-0.197444
-0.497719
-0.781401
-0.833133
-0.991196
-1.026499
-0.895310
-0.704632
-0.382395
-0.114006
0.180063
0.481549
0.720316
0.907637
1.005974
1.012838
0.878538
0.704130
0.360597
0.122929
-0.202742
-0.490247
-0.782865
-0.895318
-0.964660
-0.944104
-0.968018
-0.679857
-0.396478
-0.115342
0.203843
0.539595
0.731305
0.975643
0.959563
1.018607
0.877896
0.707414
0.436972
0.126026
-0.188937
-0.459640
-0.672724
-0.958000
-0.965072
-0.976976
-0.911399
-0.769197
-0.413396
-0.115810
0.192863
0.440523
0.743672
0.908335
0.958274
1.048100
0.868774
0.637913
0.411746
0.124993
-0.197436
-0.463237
-0.715588
-0.938005
-0.899447
-0.958774
-0.835302
-0.690687
-0.404031
-0.131359
0.183324
0.502405
0.713796
0.827619
0.907380
0.777404
0.649994
0.410827
0.216890
0.047939
-0.058669
-0.097585
-0.109564
0.016232
0.186999
0.188040
0.310054
0.275786
0.236902
0.091457
-0.139523
-0.375868
-0.693937
-0.929408
-1.004807
-0.969084
-0.927158
-0.664397
-0.422122
-0.132358
0.185814
0.450185
0.719803
0.836138
0.941272
1.116005
0.851202
0.747075
0.408991
0.131262
-0.169705
-0.463655
-0.721439
-1.025955
-0.977276
-0.951636
-0.768162
-0.675062
-0.427972
-0.141677
0.180097
0.533018
0.721245
0.869559
0.891235
0.996558
0.768434
0.690141
0.416588
0.140042
-0.172162
-0.482347
-0.777901
-1.025526
-1.017256
-1.047112
-0.824992
-0.761451
-0.440549
-0.133160
0.175600
0.456102
0.695313
0.951489
0.895402
0.979811
0.815010
0.724706
0.437260
0.131854
-0.170953
-0.446437
-0.741626
-0.969232
-0.992440
-0.893887
-0.895986
-0.687965
-0.461438
-0.140663
0.188050
0.445611
0.735698
0.919942
1.007860
1.026111
0.872991
0.711190
0.439662
0.150873
-0.166709
-0.468241
-0.700430
-0.823219
-1.031270
-0.969891
-0.790552
-0.735656
-0.421437
-0.139886
0.167011
0.498400
0.744451
0.884834
0.968066
1.032264
0.984991
0.723206
0.451715
0.138241
-0.157470
-0.462444
-0.681361
-0.900190
-0.991397
-1.004709
-0.920329
-0.702932
-0.447047
-0.144260
0.161459
0.477715
0.714651
0.921426
0.997625
1.022857
0.923162
0.732116
0.443362
0.142152
-0.169127
-0.475038
-0.737853
-0.909101
-1.006527
-0.994916
-0.872842
-0.715782
-0.476025
-0.148442
0.152628
0.484179
0.745021
0.880256
1.033889
1.037169
0.923337
0.707335
0.440980
0.145361
-0.151089
-0.398250
-0.714741
-0.897273
-0.934306
-1.038939
-0.859728
-0.698270
-0.433646
-0.146260
0.155598
0.455391
0.728310
0.833856
0.994935
0.957424
0.955633
0.721687
0.474875
0.152922
-0.152455
-0.408902
-0.624989
-0.889964
-1.086386
-0.950149
-0.948593
-0.659625
-0.452943
-0.153866
0.153794
0.474707
0.664275
0.899934
0.953079
0.957213
0.853975
0.758230
0.447864
0.142521
-0.144549
-0.452284
-0.715488
-0.912162
-0.931334
-0.975402
-0.927560
-0.746223
-0.465735
-0.164048
0.158539
0.423242
0.633032
0.895907
0.968103
0.907534
0.899997
0.616785
0.453523
0.156122
-0.154240
-0.426528
-0.735184
-0.873916
-0.994254
-0.923980
-0.878995
-0.764943
-0.471450
-0.174465
0.161529
0.451580
0.693142
0.917252
0.967272
1.038224
0.995824
0.725080
0.458154
0.161425
-0.155454
-0.458774
-0.656463
-0.916281
-0.951579
-0.898739
-0.844199
-0.718296
-0.467293
-0.170541
0.144814
0.439326
0.671586
0.934668
1.012387
1.042069
0.889361
0.718858
0.499423
0.168040
-0.148031
-0.469261
-0.750899
-0.803473
-0.932297
-1.063312
-0.899123
-0.768512
-0.451873
-0.176486
0.144984
0.463375
0.691180
0.899045
1.045079
0.966224
0.953997
0.712035
0.457030
0.191776
-0.130569
-0.434146
-0.723170
-0.878759
-0.947858
-0.991055
-0.812358
-0.697198
-0.484652
-0.185127
0.151878
0.408811
0.620143
0.913905
0.968069
0.982784
0.877451
0.661866
0.443678
0.188335
-0.125017
-0.471230
-0.650878
-0.848730
-0.881796
-0.790244
-0.574307
-0.466135
-0.292006
-0.077308
0.060030
0.080213
0.125902
0.082561
-0.084816
-0.204862
-0.249235
-0.336031
-0.216913
-0.102743
0.094802
0.362005
0.632927
0.874601
0.937513
0.981604
0.932790
0.693591
0.437149
0.188813
-0.140303
-0.403444
-0.720815
-0.781543
-1.050978
-0.984642
-0.830700
-0.744613
-0.457217
-0.185148
0.132431
0.462145
0.736631
0.858291
1.011433
0.991316
0.849113
0.735779
0.472102
0.178686
-0.115763
-0.396875
-0.668688
-0.875816
-1.014073
-0.893014
-0.966405
-0.741532
-0.474830
-0.196340
0.113828
0.455267
0.671570
0.837850
0.940945
0.891172
0.902807
0.693503
0.453574
0.205269
-0.120905
-0.419261
-0.686894
-0.899104
-0.968284
-0.914927
-0.974546
-0.660941
-0.475143
-0.192377
0.118467
0.457323
0.673980
0.916696
1.000950
0.961640
0.895318
0.744859
0.464237
0.206087
-0.128322
-0.436883
-0.685260
-0.946981
-0.969012
-0.971891
-0.858200
-0.681713
-0.491803
-0.207636
0.128370
0.413748
0.691035
0.780843
0.820567
0.797298
0.625008
0.479879
0.257061
0.079404
-0.032755
-0.118168
-0.053725
-0.002965
0.124329
0.180099
0.263314
0.334057
0.232808
0.118383
-0.091607
-0.345215
-0.610586
-0.868242
-0.970799
-1.064689
-0.992248
-0.727336
-0.477127
-0.201122
0.120957
0.399384
0.778618
0.848786
0.965728
0.958756
0.937981
0.741135
0.541266
0.189083
-0.125263
-0.429891
-0.661904
-0.908732
-1.035364
-1.036375
-0.873018
-0.732403
-0.526770
-0.212884
0.115881
0.438332
0.673304
0.838375
0.917348
0.999362
0.945138
0.759880
0.509769
0.188223
-0.110182
-0.419153
-0.666077
-0.841068
-0.943018
-1.042305
-0.946677
-0.732284
-0.445424
-0.202949
0.117527
0.404200
0.591737
0.980323
0.958831
0.991604
0.911829
0.686712
0.470329
0.202090
-0.117142
-0.448590
-0.639863
-0.778189
-0.974008
-1.024661
-0.865901
-0.747343
-0.501300
-0.202895
0.096363
0.428119
0.682516
0.847496
0.985688
0.963368
0.968070
0.723475
0.505862
0.206816
-0.111109
-0.413816
-0.628647
-0.847673
-0.884594
-0.755704
-0.676210
-0.398097
-0.254797
-0.076829
0.032489
0.081768
0.045643
0.058888
-0.134593
-0.256657
-0.216700
-0.331746
-0.239920
-0.123363
0.068033
0.344361
0.585678
0.877889
0.988227
0.862865
0.959275
0.772245
0.440095
0.202715
-0.095417
-0.397112
-0.624154
-0.864958
-0.933212
-1.025933
-0.915465
-0.757692
-0.490262
-0.206695
0.107547
0.406740
0.676742
0.871897
1.045056
0.952670
0.887153
0.782555
0.485311
0.211048
-0.098490
-0.403967
-0.664151
-0.827571
-0.838130
-0.727765
-0.623281
-0.437703
-0.273529
-0.098402
0.029008
0.105958
0.053883
-0.017989
-0.097402
-0.179887
-0.362157
-0.259404
-0.284730
-0.128329
0.057735
0.299047
0.544608
0.864004
0.993837
0.967937
0.898486
0.761640
0.519484
0.205687
-0.088311
-0.420722
-0.720359
-0.839386
-0.992194
-0.977405
-0.900390
-0.738776
-0.497900
-0.208176
0.095527
0.428436
0.661256
0.848548
1.018051
1.009582
0.921892
0.710438
0.514840
0.239443
-0.094487
-0.394246
-0.685998
-0.868698
-0.871600
-0.802141
-0.624496
-0.400993
-0.210483
-0.085782
0.019724
0.048151
0.097841
-0.047700
-0.061270
-0.265220
-0.316952
-0.261329
-0.267329
-0.125462
0.062689
0.305602
0.582462
0.833124
0.904539
0.979980
0.931231
0.754986
0.432398
0.212698
-0.085926
-0.379515
-0.746335
-0.861404
-0.817665
-0.910753
-0.947953
-0.755264
-0.517738
-0.215906
0.089394
0.414339
0.617647
0.797325
1.070875
1.018683
1.018048
0.722879
0.541484
0.234342
-0.080708
-0.410339
-0.584508
-0.913886
-0.887803
-1.006336
-0.887103
-0.726058
-0.522804
-0.235105
0.076743
0.384718
0.703962
0.864991
0.945534
1.014232
0.905728
0.782589
0.517475
0.234130
-0.087102
-0.384439
-0.629685
-0.826720
-1.028840
-0.969768
-0.905806
-0.763661
-0.507911
-0.233552
0.077883
0.374804
0.638737
0.864054
0.882674
1.003088
0.892243
0.818281
0.562424
0.218886
-0.072075
-0.408521
-0.670187
-0.900568
-0.887583
-1.091658
-0.873926
-0.793235
-0.508636
-0.235592
0.078394
0.393778
0.696099
0.902400
0.938759
1.021624
0.883541
0.769010
0.511133
0.236597
-0.070762
-0.406652
-0.647810
-0.764875
-0.898503
-0.983624
-0.938763
-0.737602
-0.469534
-0.234489
0.069666
0.345778
0.614427
0.816988
1.060249
0.976306
0.950829
0.755815
0.531836
0.214473
-0.073459
-0.366265
-0.652480
-0.951575
-0.968595
-0.976553
-0.966622
-0.729948
-0.487304
-0.257409
0.072227
0.372570
0.651817
0.836557
0.932175
1.035086
0.907029
0.739963
0.549150
0.212019
-0.066538
-0.390888
-0.585437
-0.782667
-0.918035
-0.809228
-0.680735
-0.502360
-0.304195
-0.114002
0.020094
0.064397
0.090297
-0.037356
-0.187563
-0.228229
-0.267234
-0.267773
-0.229488
-0.140761
0.045397
0.305854
0.541826
0.842840
0.954182
0.926001
0.932414
0.761524
0.562839
0.260976
-0.063470
-0.350964
-0.659980
-0.857153
-0.975918
-1.051009
-1.011890
-0.855062
-0.572505
-0.251419
0.059840
0.368492
0.684678
0.827982
0.980431
1.054101
1.032329
0.758685
0.554271
0.253674
-0.059188
-0.373200
-0.636377
-0.813920
-0.874180
-0.780768
-0.693517
-0.462256
-0.284275
-0.102300
0.017224
0.093612
0.045183
-0.023314
-0.121486
-0.309959
-0.267650
-0.287789
-0.294646
-0.152771
0.047321
0.266383
0.518414
0.783220
0.919730
0.916375
0.940139
0.732546
0.546119
0.234971
-0.055241
-0.333292
-0.662661
-0.733218
-0.881880
-0.968295
-0.952125
-0.811672
-0.530126
-0.245170
0.054756
0.354910
0.628924
0.797749
0.971473
1.018753
0.959912
0.792603
0.583276
0.258732
-0.049318
-0.329450
-0.625978
-0.874928
-1.052190
-1.035597
-0.978228
-0.780050
-0.531431
-0.249784
0.051479
0.357669
0.612003
0.867403
0.983079
1.031057
0.888231
0.820403
0.541081
0.242145
-0.042336
-0.376314
-0.635927
-0.826291
-1.098031
-0.966913
-1.005799
-0.796775
-0.533970
-0.259847
0.041431
0.365766
0.575508
0.854022
0.963786
1.009522
0.928144
0.782769
0.505737
0.243657
-0.046091
-0.344367
-0.610990
-0.772754
-0.985500
-1.002316
-0.828488
-0.785890
-0.579096
-0.266767
0.045290
0.344615
0.602292
0.851546
0.908762
0.994971
0.867924
0.775433
0.586120
0.276764
-0.042102
-0.333073
-0.633701
-0.776266
-0.965629
-0.979590
-0.873944
-0.776285
-0.551901
-0.263739
0.042893
0.354033
0.615686
0.834872
0.971664
1.021381
0.949537
0.770138
0.598400
0.267852
-0.036615
-0.332007
-0.626260
-0.857698
-0.892276
-0.999965
-0.898574
-0.795289
-0.571741
-0.277929
0.037158
0.363959
0.585024
0.756711
1.014899
0.996640
0.944629
0.733521
0.538543
0.268016
-0.033339
-0.328501
-0.589611
-0.808291
-1.013456
-1.038255
-0.924057
-0.771432
-0.520927
-0.266166
0.034167
0.333630
0.653887
0.913931
0.871989
0.951609
0.934405
0.779928
0.587278
0.288239
-0.035042
-0.365435
-0.612230
-0.765946
-0.950195
-1.085503
-0.957264
-0.849108
-0.531098
-0.295992
0.034072
0.328796
0.589519
0.781023
0.900234
0.901563
0.988094
0.740090
0.580368
0.259194
-0.028031
-0.322188
-0.610141
-0.805209
-0.929786
-1.044118
-0.854086
-0.808476
-0.556786
-0.277560
0.025306
0.304717
0.623109
0.801128
0.902596
0.977251
0.909955
0.854210
0.620384
0.281767
-0.025765
-0.345425
-0.587475
-0.803385
-1.036698
-0.943775
-0.952612
-0.828309
-0.558721
-0.284340
0.025405
0.350073
0.627780
0.789013
0.897260
0.981360
0.903639
0.816697
0.575169
0.275453
-0.024809
-0.326970
-0.629722
-0.806085
-1.068456
-1.024945
-0.922038
-0.810915
-0.579975
-0.318726
0.022931
0.298234
0.518182
0.840589
0.891638
0.986485
0.909926
0.761973
0.579830
0.295339
-0.020093
-0.351237
-0.570205
-0.842840
-0.929330
-0.770549
-0.634000
-0.475347
-0.300808
-0.122774
0.006096
0.081322
0.113197
-0.000523
-0.156788
-0.170348
-0.229135
-0.358050
-0.325994
-0.202606
0.011669
0.281766
0.554204
0.800516
0.983996
0.977877
0.947126
0.795134
0.615549
0.301331
-0.015974
-0.321035
-0.630387
-0.825144
-0.999284
-0.984242
-0.926975
-0.808956
-0.634428
-0.290409
0.013274
0.314016
0.605857
0.814929
0.944339
0.980881
0.847010
0.841008
0.590825
0.289351
-0.012295
-0.321254
-0.633201
-0.842184
-0.877020
-0.815820
-0.719464
-0.457858
-0.292486
-0.109122
0.003190
0.063837
0.068338
-0.003048
-0.081383
-0.328547
-0.322356
-0.331616
-0.341012
-0.184647
0.006098
0.272265
0.525721
0.844251
0.972386
0.968017
0.985066
0.848639
0.576194
0.308160
-0.007263
-0.307744
-0.578237
-0.905053
-0.912378
-0.998829
-1.022343
-0.762183
-0.584216
-0.318186
0.006442
0.285123
0.589293
0.839002
0.894326
1.007818
0.905438
0.819069
0.635101
0.310378
-0.004395
-0.331254
-0.565247
-0.773148
-0.958867
-1.069379
-0.945891
-0.746778
-0.587807
-0.290041
0.002598
0.299711
0.628920
0.882966
0.984659
1.007493
0.997817
0.840017
0.546711
0.337185
-0.001037
-0.275664
-0.547423
-0.795763
-1.074137
-0.920435
-0.938858
-0.825440
-0.590271
-0.302059
-0.000556
0.318457
0.567066
0.775176
0.965338
1.004328
0.926798
0.763522
0.618483
0.334507
0.002295
-0.306188
-0.507776
-0.849874
-0.869363
-1.024404
-0.987303
-0.775887
-0.540919
-0.295690
-0.003919
0.322012
0.516619
0.779743
