-0.000000
-0.034128
-0.141903
-0.119595
-0.225448
-0.243025
-0.254559
-0.332613
-0.266360
-0.175321
-0.000813
0.195749
0.370829
0.530125
0.840954
0.797772
0.894011
0.705072
0.602576
0.312057
0.003124
-0.303147
-0.586803
-0.818850
-0.955975
-1.079393
-0.932213
-0.822002
-0.599081
-0.292887
-0.005067
0.293581
0.586156
0.766757
0.975185
0.975626
0.937879
0.805945
0.579582
0.318963
0.006057
-0.289403
-0.565793
-0.853749
-1.015642
-1.026572
-0.893318
-0.880779
-0.608144
-0.306324
-0.007776
0.304116
0.579856
0.761524
0.943751
1.004864
0.935464
0.828405
0.549212
0.323024
0.009328
-0.266581
-0.590940
-0.814841
-0.937267
-1.007521
-0.987914
-0.792669
-0.609460
-0.321752
-0.011937
0.295613
0.544053
0.779477
0.967600
1.045144
0.993164
0.737664
0.599610
0.309248
0.013108
-0.273947
-0.522238
-0.796942
-1.017027
-1.022267
-0.981535
-0.792525
-0.596209
-0.305021
-0.013409
0.293787
0.564128
0.826464
0.974819
1.042514
0.967896
0.847889
0.565855
0.301104
0.015443
-0.293359
-0.601500
-0.740502
-0.931987
-0.957144
-0.938929
-0.825040
-0.658920
-0.309574
-0.016946
0.285603
0.529435
0.816507
0.867641
0.948737
0.980420
0.728412
0.584446
0.342006
0.020265
-0.289038
-0.568245
-0.748542
-0.966805
-0.971770
-0.899747
-0.855767
-0.566004
-0.341585
-0.021588
0.295895
0.545399
0.767964
0.863080
1.002786
1.044422
0.879186
0.595019
0.310143
0.022201
-0.270220
-0.554599
-0.766460
-0.971431
-0.936220
-0.943935
-0.839663
-0.628439
-0.315383
-0.022616
0.272994
0.576884
0.803011
0.885495
1.008703
0.937426
0.838540
0.635426
0.337911
0.027256
-0.288859
-0.589937
-0.741517
-0.932782
-1.041082
-0.967622
-0.857594
-0.641860
-0.332603
-0.027722
0.282362
0.548332
0.838223
0.961516
1.082910
0.983458
0.808317
0.553590
0.371232
0.027170
-0.265658
-0.551642
-0.776590
-0.962495
-1.002952
-0.894071
-0.868154
-0.595138
-0.352393
-0.031705
0.270125
0.515124
0.765691
0.879865
0.976438
1.043270
0.787242
0.606388
0.357962
0.026230
-0.234577
-0.379515
-0.490223
-0.457417
-0.393531
-0.267094
-0.163899
-0.122176
0.004681
-0.000574
-0.071994
-0.139501
-0.263017
-0.425586
-0.620614
-0.761023
-0.687066
-0.563932
-0.316559
-0.034725
0.264163
0.586921
0.769333
0.941200
0.969998
0.934660
0.844448
0.589489
0.350026
0.036307
-0.264192
-0.551795
-0.716370
-0.969259
-0.979490
-0.917212
-0.789827
-0.633101
-0.328691
-0.037873
0.281253
0.573868
0.846558
0.888499
0.999459
0.945407
0.877493
0.602396
0.328682
0.032000
-0.203682
-0.416298
-0.462380
-0.430071
-0.326171
-0.323297
-0.067144
-0.050927
-0.013843
0.008315
-0.048590
-0.116250
-0.309807
-0.458148
-0.675470
-0.676085
-0.662364
-0.564952
-0.318132
-0.043574
0.296454
0.550846
0.840783
0.984490
1.044504
0.919326
0.887807
0.645182
0.362459
0.045710
-0.256197
-0.583936
-0.785761
-0.862482
-0.955297
-0.996279
-0.935789
-0.608073
-0.326925
-0.048896
0.279993
0.546566
0.741380
0.977571
1.099968
0.971135
0.860409
0.582255
0.328663
0.048524
-0.241247
-0.526628
-0.845081
-0.959665
-0.988704
-0.996472
-0.825025
-0.654656
-0.334180
-0.047256
0.248866
0.613959
0.770742
0.877077
0.923137
0.935985
0.849238
0.556612
0.376801
0.052132
-0.284197
-0.540995
-0.763194
-0.902098
-1.036895
-1.029854
-0.817371
-0.555592
-0.349991
-0.057278
0.258685
0.613896
0.821009
0.881947
1.029861
0.931302
0.863910
0.683060
0.373320
0.056047
-0.243252
-0.586446
-0.765975
-0.945044
-0.988790
-0.984873
-0.829757
-0.657900
-0.379332
-0.056332
0.257160
0.532465
0.792358
0.907595
1.016740
0.948678
0.807495
0.617445
0.360483
0.059495
-0.261611
-0.513117
-0.799661
-0.952883
-0.999545
-0.951200
-0.823314
-0.589767
-0.382031
-0.058709
0.275649
0.484031
0.855164
0.815525
0.991687
0.971305
0.813007
0.635165
0.368117
0.061526
-0.265699
-0.535950
-0.710111
-0.915085
-0.955335
-0.965476
-0.871506
-0.659945
-0.365394
-0.056200
0.246110
0.564857
0.835008
0.949493
1.040719
0.990069
0.918169
0.681316
0.380370
0.055041
-0.206895
-0.360996
-0.537816
-0.475578
-0.416522
-0.275914
-0.147832
-0.087000
-0.020735
0.005186
-0.048888
-0.138957
-0.282887
-0.442843
-0.615481
-0.655189
-0.674042
-0.517141
-0.364109
-0.066873
0.244078
0.573788
0.804698
0.959229
0.885266
0.971906
0.828314
0.576953
0.387550
0.065899
-0.222559
-0.516081
-0.766715
-0.932665
-0.956261
-0.972815
-0.901974
-0.691246
-0.336385
-0.071709
0.247480
0.558715
0.787319
0.958300
1.009205
1.012798
0.849491
0.659661
0.367782
0.068957
-0.243417
-0.525549
-0.775348
-0.937872
-0.964485
-0.888165
-0.808109
-0.635859
-0.384865
-0.072299
0.244815
0.485467
0.680023
0.926386
1.079431
0.904928
0.857996
0.631662
0.384967
0.080485
-0.237935
-0.549829
-0.756314
-0.859525
-0.940751
-1.067656
-0.799599
-0.715103
-0.383902
-0.078927
0.231426
0.492406
0.706443
0.867254
1.069746
1.049682
0.898898
0.585904
0.382260
0.084102
-0.221967
-0.520745
-0.794820
-0.932665
-0.949414
-0.961489
-0.862297
-0.634302
-0.361485
-0.083099
0.233123
0.529606
0.732412
0.941000
0.980107
1.071309
0.879989
0.690790
0.402579
0.085215
-0.241167
-0.519627
-0.767971
-0.944929
-1.026033
-0.966106
-0.847241
-0.717979
-0.394469
-0.084848
0.207729
0.495462
0.796771
0.887388
0.937404
1.011297
0.856932
0.559675
0.383585
0.081203
-0.240228
-0.578922
-0.768645
-0.788548
-0.940033
-0.926229
-0.855177
-0.660305
-0.390359
-0.085755
0.232383
0.508728
0.730468
0.988913
0.891796
1.052386
0.863353
0.653031
0.368170
0.089753
-0.228623
-0.472916
-0.779066
-0.865552
-1.027188
-0.996012
-0.869413
-0.672002
-0.359074
-0.086493
0.220729
0.537903
0.784321
0.968448
1.063785
0.901637
0.823653
0.647080
0.410253
0.095195
-0.221246
-0.530972
-0.783081
-0.933752
-1.054497
-0.896704
-0.873021
-0.700575
-0.399334
-0.087883
0.186320
0.478532
0.784861
0.858809
1.014502
1.006591
0.897168
0.688692
0.385273
0.090707
-0.226083
-0.491662
-0.761533
-0.864569
-1.063280
-0.964849
-0.848689
-0.692088
-0.396833
-0.092241
0.210834
0.529355
0.764279
0.947639
0.919774
0.982621
0.883696
0.699637
0.395442
0.097330
-0.223892
-0.510591
-0.691909
-0.878042
-0.948771
-1.023340
-0.890148
-0.607421
-0.370190
-0.100071
0.202269
0.506169
0.763162
0.974825
0.874381
0.915055
0.829919
0.678352
0.368600
0.096912
-0.227320
-0.527414
-0.820391
-0.909793
-0.880291
-0.966347
-0.866684
-0.633920
-0.414210
-0.099964
0.207714
0.528060
0.712039
0.932235
0.971623
1.083260
0.890641
0.645447
0.361118
0.094103
-0.209092
-0.471818
-0.711657
-0.910935
-1.030141
-0.944076
-0.874895
-0.693668
-0.418194
-0.105934
0.220251
0.492011
0.748672
0.852538
1.045537
1.018166
0.872152
0.693985
0.388557
0.105983
-0.217904
-0.500917
-0.747447
-0.961469
-1.031926
-0.969271
-0.898499
-0.667768
-0.407606
-0.106117
0.203711
0.510954
0.700287
0.890129
0.985682
0.920943
0.794241
0.652369
0.403016
0.103271
-0.199838
-0.473635
-0.793379
-0.872508
-0.980469
-0.895424
-0.926512
-0.704349
-0.400488
-0.115864
0.229119
0.490537
0.713934
0.901290
1.063244
0.986558
0.875303
0.715047
0.408490
0.114457
-0.196459
-0.467100
-0.695850
-0.848069
-1.080073
-0.938388
-0.917467
-0.671796
-0.416307
-0.127500
0.192598
0.466850
0.712009
0.908495
0.941960
1.006005
0.861479
0.693420
0.395707
0.116440
-0.187812
-0.490953
-0.656757
-0.855156
-1.038040
-1.081318
-0.868123
-0.731407
-0.419076
-0.106356
0.186925
0.485747
0.732757
0.923343
1.086814
0.928791
0.953223
0.704396
0.418515
0.106722
-0.145373
-0.334231
-0.433142
-0.509279
-0.372588
-0.292414
-0.181391
-0.109666
-0.005972
0.026742
-0.036278
-0.109881
-0.312854
-0.385466
-0.633298
-0.689429
-0.692357
-0.639343
-0.441287
-0.136116
0.186334
0.457782
0.760090
0.798011
0.953500
0.939996
0.751296
0.641805
0.445271
0.136478
-0.194351
-0.505800
-0.812049
-0.906924
-0.958352
-1.007095
-0.870391
-0.718270
-0.447146
-0.120955
0.213824
0.530277
0.758335
1.000047
0.982034
1.073534
0.863814
0.683037
0.427009
0.133307
-0.196901
-0.462073
-0.636629
-0.917242
-1.004107
-1.022103
-0.904882
-0.672552
-0.445760
-0.131690
0.182907
0.435346
0.749690
0.896104
1.076755
1.014164
0.906146
0.695800
0.385059
0.129802
-0.167987
-0.487646
-0.717936
-0.875897
-1.099079
-0.943309
-0.949076
-0.657686
-0.449731
-0.135919
0.177827
0.456901
0.752715
0.936764
0.989072
0.972276
0.845932
0.730803
0.399454
0.138885
-0.176636
-0.478047
-0.766534
-0.890237
-0.998966
-0.966112
-0.908832
-0.670198
-0.395601
-0.140641
0.175463
0.468228
0.672386
0.891120
1.010429
1.044507
0.982796
0.715305
0.423149
0.140271
-0.159694
-0.459892
-0.664494
-0.958333
-0.989561
-1.003033
-0.915150
-0.694722
-0.445897
-0.134199
0.167249
0.473836
0.749507
0.930102
0.934038
0.917781
0.846033
0.702794
0.429216
0.131337
-0.164013
-0.457879
-0.727424
-0.919413
-1.061354
-0.982507
-0.907094
-0.726974
-0.459135
-0.142975
0.169864
0.469952
0.665729
0.859733
0.997216
1.050226
0.784619
0.729649
0.466882
0.153302
-0.180712
-0.398123
-0.680050
-0.913286
-0.886830
-0.954203
-0.845177
-0.649457
-0.451556
-0.136514
0.173638
0.450576
0.664212
0.850855
1.002525
0.953204
0.894595
0.736015
0.447854
0.134016
-0.165335
-0.479227
-0.704228
-0.918356
-1.062239
-0.973786
-0.937044
-0.673571
-0.436919
-0.144024
0.171720
0.470994
0.774926
0.811470
1.058705
0.897505
0.816207
0.652452
0.410553
0.147046
-0.174652
-0.517843
-0.773484
-0.923516
-1.033024
-0.961194
-0.879816
-0.664614
-0.410091
-0.151449
0.156098
0.464599
0.752019
0.860623
0.940053
0.937594
0.899941
0.752184
0.512500
0.160144
-0.160179
-0.430350
-0.711084
-0.915775
-1.035334
-0.971264
-0.889522
-0.727847
-0.480772
-0.147718
0.163707
0.400500
0.787679
0.848268
1.102039
0.990981
0.875131
0.731327
0.417432
0.152157
-0.153580
-0.456672
-0.727879
-0.886813
-0.932281
-0.885513
-0.921079
-0.760676
-0.422328
-0.162111
0.167473
0.471265
0.701579
0.858100
0.908373
0.907647
0.893322
0.640693
0.483769
0.148304
-0.124512
-0.325230
-0.396223
-0.513802
-0.451470
-0.315023
-0.221702
-0.082215
-0.013977
0.015344
-0.030431
-0.112131
-0.289603
-0.398918
-0.699006
-0.674858
-0.752556
-0.681523
-0.482550
-0.177960
0.153426
0.422501
0.686012
0.966106
1.025444
0.968061
0.904504
0.691240
0.513500
0.142280
-0.159237
-0.477591
-0.765196
-0.897468
-0.983038
-1.033451
-0.886361
-0.718111
-0.462049
-0.180036
0.138098
0.439388
0.675713
0.867466
1.010201
0.992760
0.946903
0.755706
0.495932
0.165794
-0.148875
-0.448928
-0.701469
-0.905334
-1.019472
-0.976272
-0.858627
-0.723983
-0.460146
-0.163705
0.148060
0.456480
0.741377
0.857923
1.008552
0.992087
0.880114
0.693166
0.497573
0.168544
-0.130648
-0.426587
-0.653707
-0.981046
-0.937869
-0.947523
-0.983241
-0.725839
-0.506230
-0.159090
0.136314
0.454752
0.706435
0.932328
0.998041
1.054789
0.884100
0.720107
0.488815
0.173711
-0.139101
-0.389117
-0.700184
-0.834055
-0.909191
-0.966108
-0.908078
-0.680558
-0.465488
-0.171866
0.139941
0.396442
0.718272
0.847146
0.959434
0.961081
0.873958
0.744842
0.468025
0.172385
-0.131459
-0.476380
-0.713653
-0.905477
-1.022331
-1.039585
-0.951622
-0.755959
-0.451905
-0.173504
0.136911
0.414665
0.706077
0.870586
0.999765
0.954153
0.892050
0.661523
0.484597
0.177768
-0.136783
-0.415577
-0.686323
-0.856730
-1.004710
-1.046154
-0.924144
-0.700082
-0.480872
-0.201201
0.123743
0.448748
0.704493
0.884131
0.972364
0.973128
0.851888
0.725091
0.466442
0.180742
-0.124696
-0.450523
-0.694993
-0.878715
-0.907239
-0.990518
-0.955984
-0.644046
-0.522648
-0.182899
0.139355
0.425609
0.647863
0.902541
0.983268
0.958722
0.935460
0.697725
0.464696
0.198301
-0.118401
-0.456930
-0.742748
-0.936150
-0.958436
-1.034980
-0.878288
-0.746837
-0.491730
-0.196478
0.137946
0.439540
0.673812
0.776879
1.014969
0.993519
0.922120
0.706320
0.471309
0.187988
-0.127440
-0.428387
-0.675890
-0.824213
-1.016648
-1.057942
-0.935088
-0.776320
-0.441554
-0.183163
0.110711
0.410368
0.706385
0.878155
1.090393
1.022260
0.857366
0.757232
0.475310
0.197094
-0.119402
-0.447111
-0.710503
-0.899902
-1.014543
-1.052202
-0.849655
-0.702929
-0.481818
-0.198758
0.129200
0.427746
0.690653
0.858287
0.906590
0.991653
0.916945
0.763061
0.464523
0.187280
-0.117938
-0.453992
-0.745710
-0.851322
-0.996596
-1.041252
-0.871650
-0.707382
-0.464641
-0.193649
0.117503
0.413764
0.660877
0.883839
1.026250
0.980418
0.886971
0.730868
0.500018
0.200078
-0.112908
-0.439084
-0.700922
-0.869291
-1.010545
-1.044666
-0.969160
-0.741287
-0.497705
-0.195661
0.117440
0.399940
0.642317
0.854213
0.920234
0.908098
0.931879
0.772438
0.501110
0.198777
-0.109474
-0.425145
-0.604360
-0.911088
-0.968581
-0.894155
-0.826665
-0.765107
-0.457113
-0.207564
0.108163
0.420259
0.675364
0.891440
1.015161
0.890554
0.825683
0.662784
0.533301
0.198378
-0.112566
-0.415869
-0.678546
-0.937775
-0.860973
-0.987878
-0.905061
-0.737464
-0.533373
-0.205601
0.102543
0.397498
0.692963
0.894220
0.996010
1.064131
0.937057
0.699109
0.494533
0.216125
-0.085629
-0.413807
-0.651200
-0.857814
-1.032055
-0.956622
-0.993871
-0.717127
-0.501416
-0.220714
0.098125
0.417597
0.635707
0.871201
0.986263
0.974103
0.833759
0.716831
0.542640
0.211892
-0.100061
-0.426671
-0.566377
-0.910671
-0.955470
-0.986966
-0.909057
-0.764565
-0.480009
-0.225926
0.088326
0.404990
0.627478
0.834680
0.964614
1.051309
0.902608
0.740233
0.494221
0.202166
-0.094386
-0.397296
-0.668618
-0.905845
-1.007545
-0.950565
-0.946310
-0.740081
-0.489586
-0.220402
0.099061
0.392320
0.725801
0.922301
1.071100
0.933999
0.855817
0.783792
0.503894
0.205595
-0.100436
-0.392494
-0.687495
-0.940333
-0.968408
-1.003114
-0.940428
-0.654578
-0.476002
-0.213186
0.100228
0.409882
0.604812
0.877302
0.922528
1.014344
0.917365
0.751152
0.478522
0.209801
-0.094434
-0.415917
-0.662565
-0.900777
-1.012146
-1.016128
-0.867812
-0.689378
-0.467994
-0.235371
0.092359
0.384136
0.675176
0.863685
1.005534
0.925221
0.989712
0.758527
0.488593
0.233216
-0.101528
-0.419086
-0.670900
-0.774310
-0.909689
-1.005082
-0.983074
-0.713383
-0.510293
-0.224482
0.089513
0.398159
0.634846
0.878509
0.987566
1.130037
0.954101
0.703547
0.514413
0.230922
-0.082263
-0.397910
-0.752677
-0.811137
-1.003981
-0.983010
-0.975040
-0.799858
-0.525182
-0.219472
0.088744
0.380032
0.608453
0.816864
0.985951
1.128600
0.901034
0.722374
0.548734
0.200712
-0.067096
-0.254541
-0.382978
-0.460877
-0.302978
-0.260441
-0.236134
-0.115054
-0.041718
0.032692
-0.025008
-0.071425
-0.259547
-0.478104
-0.576792
-0.675766
-0.659027
-0.626959
-0.542083
-0.236068
0.079807
0.378058
0.633686
0.849445
0.990492
1.050387
0.895633
0.745229
0.505089
0.234326
-0.085466
-0.399017
-0.609053
-0.843400
-0.994680
-0.982660
-1.038974
-0.767402
-0.536240
-0.238361
0.078483
0.431847
0.627125
0.751141
1.064666
1.030122
0.948823
0.716958
0.533779
0.224956
-0.057716
-0.263826
-0.382985
-0.405755
-0.357738
-0.309396
-0.143373
-0.045861
-0.044684
0.062441
-0.013333
-0.111278
-0.247541
-0.453138
-0.570142
-0.717409
-0.733294
-0.645029
-0.501907
-0.234798
0.077909
0.382065
0.679990
0.848235
0.989099
1.020771
0.955262
0.711589
0.510202
0.250739
-0.076993
-0.346878
-0.637787
-0.837017
-1.013004
-0.988169
-1.012927
-0.856557
-0.528236
-0.228652
0.069090
0.338960
0.608805
0.798606
1.031510
1.115880
0.866727
0.758362
0.548614
0.239178
-0.067117
-0.399654
-0.664983
-0.850025
-0.982886
-1.019889
-0.959210
-0.707621
-0.541507
-0.248819
0.064289
0.364397
0.661978
0.863711
0.947875
1.078006
0.897535
0.811123
0.526833
0.239120
-0.062240
-0.349292
-0.615475
-0.873519
-0.915665
-0.995860
-0.943013
-0.825304
-0.588998
-0.261878
0.059930
0.353827
0.579949
0.809902
1.007234
0.943682
0.934790
0.775014
0.487000
0.235879
-0.062309
-0.381083
-0.649126
-0.858722
-0.998680
-1.082103
-0.920600
-0.737461
-0.569359
-0.278831
0.066079
0.349065
0.619821
0.885994
0.910252
0.948822
0.908181
0.776206
0.540978
0.254919
-0.052669
-0.400286
-0.673418
-0.877799
-1.000557
-0.952184
-1.037806
-0.767585
-0.552127
-0.237975
0.055953
0.382174
0.688942
0.860322
0.918861
1.012222
0.992782
0.832240
0.555491
0.240657
-0.055663
-0.374842
-0.655335
-0.879856
-0.970433
-0.964545
-0.891293
-0.751162
-0.555783
-0.249930
0.053473
0.377051
0.613271
0.873640
1.000211
0.926767
0.953212
0.814881
0.536653
0.256716
-0.055677
-0.349246
-0.597290
-0.817226
-0.955407
-0.966396
-0.981666
-0.753390
-0.528479
-0.264261
0.046864
0.365801
0.641999
0.813909
0.999639
0.947843
1.004760
0.762587
0.543732
0.239744
-0.046080
-0.362391
-0.662684
-0.877892
-0.996961
-0.973224
-0.976882
-0.707086
-0.568322
-0.251946
0.050191
0.326975
0.620685
0.807817
0.852588
0.991246
0.862369
0.783722
0.566339
0.269172
-0.046641
-0.378379
-0.647560
-0.743858
-1.018554
-0.996096
-1.006107
-0.744170
-0.553250
-0.250518
0.045776
0.350134
0.672584
0.866484
0.944303
1.001981
0.923018
0.783217
0.507844
0.274970
-0.037863
-0.333648
-0.637885
-0.824749
-0.908985
-1.055709
-0.858298
-0.758410
-0.588017
-0.269641
0.041527
0.352051
0.620846
0.913916
0.976484
0.847266
0.906159
0.770349
0.540324
0.286793
-0.037389
-0.347872
-0.618831
-0.848745
-1.016235
-1.009511
-1.075436
-0.835168
-0.534003
-0.269329
0.036753
0.294341
0.617327
0.887784
0.981333
0.995172
1.076435
0.750484
0.541313
0.284586
-0.037557
-0.321370
-0.552159
-0.811231
-0.952941
-1.025650
-0.955939
-0.806311
-0.584421
-0.295154
0.035245
0.328933
0.593916
0.850695
0.938857
1.001093
1.036113
0.729143
0.588892
0.300882
-0.030768
-0.366386
-0.571832
-0.741683
-0.912683
-0.976517
-0.979845
-0.756456
-0.517034
-0.266031
0.031188
0.364510
0.573393
0.819792
0.954199
1.030832
0.945422
0.743346
0.592007
0.255917
-0.029120
-0.319338
-0.615230
-0.805760
-0.947297
-1.004791
-0.921068
-0.725621
-0.548382
-0.272465
0.028833
0.343146
0.601998
0.789947
1.017588
1.029389
0.818085
0.784748
0.533185
0.288271
-0.024993
-0.349843
-0.589962
-0.861331
-0.957825
-0.993509
-0.874798
-0.830954
-0.594005
-0.274413
0.023235
0.308886
0.606586
0.768212
0.955301
0.928228
0.973379
0.734329
0.570513
0.278417
-0.023320
-0.308099
-0.562960
-0.774250
-0.995646
-0.946680
-0.999020
-0.748771
-0.518819
-0.276373
0.021296
0.338004
0.622327
0.787239
0.882654
0.985143
0.875732
0.756170
0.605655
0.264922
-0.014980
-0.277650
-0.389045
-0.447580
-0.397378
-0.328404
-0.198837
-0.082148
0.018504
0.038068
-0.002421
-0.112956
-0.245902
-0.395420
-0.575925
-0.734788
-0.773928
-0.689060
-0.620819
-0.306016
0.016679
0.317520
0.613709
0.817660
0.975300
1.032248
1.033703
0.786175
0.547355
0.293508
-0.013716
-0.347809
-0.546067
-0.820002
-0.944926
-1.034547
-0.875742
-0.879008
-0.543799
-0.290475
0.011764
0.336668
0.600706
0.786148
0.981111
0.944295
1.016771
0.868378
0.613094
0.287927
-0.009243
-0.195083
-0.345744
-0.371327
-0.419107
-0.194012
-0.239605
0.039440
-0.025202
0.032796
-0.002347
-0.100127
-0.192192
-0.374387
-0.614765
-0.717170
-0.763703
-0.708578
-0.576005
-0.271206
0.008030
0.315848
0.627323
0.841134
0.916161
0.919077
0.928876
0.836841
0.612142
0.304211
-0.006086
-0.294810
-0.647148
-0.804274
-0.921242
-1.019949
-0.923139
-0.763809
-0.551609
-0.301265
0.005045
0.300569
0.635439
0.799213
0.944271
0.916542
0.999465
0.805118
0.598990
0.259447
-0.002550
-0.227081
-0.295212
-0.498838
-0.460822
-0.199853
-0.142539
-0.000414
-0.005257
0.034836
-0.000280
-0.083934
-0.261241
-0.372033
-0.545314
-0.692357
-0.847304
-0.764058
-0.583525
-0.353085
0.000224
0.307491
0.630126
0.807221
0.981699
0.952231
0.839680
0.802142
0.630301
0.341721
0.001504
-0.302077
-0.510947
-0.864252
-0.895043
-1.044544
-0.987416
-0.726063
-0.606464
-0.304332
-0.002582
0.298551
0.532134
0.797489
0.948513
1.047261
0.936480
0.822641
0.673567
